3.09059e-05 3.585e-05 3.15547e-05 4.26623e-06 -3.9437e-05 -4.33055e-05 3.51704e-06 0.000120314 0.00022976 0.000296537 0.000344351 0.000365693 0.000349607 0.000315098 0.000274411 0.000223583 0.0001675 0.000110517 4.93174e-05 1.23059e-05 1.21999e-06 -2.8772e-06 -3.14634e-06 -2.64746e-06 
4.89549e-06 4.14893e-06 1.01098e-05 1.20355e-06 1.29276e-05 -1.1174e-05 5.8593e-05 0.000106015 0.000120821 0.00014334 0.000142958 0.000144309 0.000171581 0.000176625 0.000159926 0.000153334 0.000158607 0.000138911 0.00011135 5.94822e-05 3.20395e-05 2.57713e-05 2.54036e-05 2.36122e-05 
1.18252e-05 8.11467e-06 1.23507e-05 4.55912e-05 0.00010673 0.000110768 7.08876e-05 3.36804e-05 -3.54443e-06 -3.85259e-05 -6.96215e-05 -0.000122789 -0.000169858 -0.000152758 -0.000109068 -4.61677e-05 -1.69783e-05 3.17549e-05 6.73462e-05 0.000137724 0.000132893 0.000117691 0.000116546 0.000117154 
6.75545e-06 -2.34811e-06 -1.42934e-05 2.78615e-05 6.19157e-05 3.57062e-05 3.05184e-05 5.57439e-05 -1.6946e-06 -8.43493e-05 -0.000188147 -0.000296147 -0.000367916 -0.000390064 -0.00037162 -0.000275586 -0.000240201 -0.000174667 -3.72887e-05 9.43421e-05 0.000157784 0.000142748 0.000129538 0.000112567 
-3.52925e-05 -5.50983e-05 -5.51606e-05 -7.08754e-05 -9.55227e-05 -0.000107047 -0.000149126 -0.000217547 -0.000352952 -0.000475971 -0.000584244 -0.000651101 -0.000725018 -0.000745209 -0.0006979 -0.000540283 -0.000402448 -0.000344689 -0.00019957 1.80618e-05 0.000193701 0.000225466 0.000227639 0.000218296 
-2.00883e-06 -1.46517e-05 -3.6082e-05 -8.67464e-05 -0.000132601 -0.000165507 -0.000272448 -0.000410371 -0.000561162 -0.000681658 -0.000746961 -0.000763839 -0.000790745 -0.000862518 -0.000891961 -0.00077845 -0.000547364 -0.000440025 -0.000409347 -0.000186588 3.91218e-05 0.000211108 0.000272762 0.000271954 
-3.59242e-06 -8.4723e-06 -2.45623e-05 -7.69733e-05 -0.000149324 -0.000190583 -0.000241565 -0.000303296 -0.000379455 -0.000489989 -0.000521738 -0.00057305 -0.000717069 -0.000820254 -0.000850769 -0.000828887 -0.000679015 -0.00058916 -0.000540145 -0.000400297 -0.000157846 7.01295e-05 0.000181959 0.000261796 
-2.04169e-05 -2.68145e-05 -4.39083e-05 -6.08666e-05 -8.1557e-05 -9.82059e-05 -0.000122295 -0.000163542 -0.000198238 -0.000283635 -0.000364198 -0.000419442 -0.000539489 -0.000642051 -0.000749026 -0.000711437 -0.000576863 -0.000603441 -0.000659467 -0.000633621 -0.000481451 -0.00023895 -3.05774e-05 8.16947e-05 
-3.22256e-05 -4.57961e-05 -5.37658e-05 -8.70151e-05 -0.000106929 -9.61132e-05 -9.63316e-05 -0.000117997 -0.000129275 -0.000247219 -0.000300885 -0.000335889 -0.00039544 -0.000469055 -0.000562227 -0.000554514 -0.000477028 -0.000501848 -0.000592453 -0.000621295 -0.000563278 -0.000408906 -0.000254425 -0.000120385 
-7.01167e-05 -8.93534e-05 -0.000107741 -0.000133213 -0.000153635 -0.000122179 -4.95162e-05 8.75059e-07 -8.22272e-05 -0.000225578 -0.00028901 -0.000300162 -0.000353416 -0.000414213 -0.000491954 -0.000496189 -0.000407142 -0.000474935 -0.000544707 -0.000577326 -0.000534245 -0.000439246 -0.00031068 -0.00018189 
-6.20379e-05 -7.80092e-05 -0.000103402 -0.000121362 -8.95083e-05 -1.97332e-05 1.79604e-05 4.75931e-05 -4.57294e-05 -0.000208218 -0.000303913 -0.000327679 -0.000377539 -0.000401582 -0.000424266 -0.000393593 -0.000417321 -0.000547924 -0.000650945 -0.00065655 -0.000615894 -0.000533293 -0.000417367 -0.000261146 
-3.19002e-05 -3.7001e-05 -5.17496e-05 -9.68211e-05 -0.000106404 -9.1177e-05 -4.89196e-05 -1.45929e-05 -9.54198e-05 -0.000233107 -0.000313258 -0.000334918 -0.000355439 -0.00033795 -0.00033277 -0.000331998 -0.000326536 -0.000440594 -0.000500521 -0.000533147 -0.000540656 -0.000518786 -0.000479149 -0.000381608 
-5.38595e-05 -6.90875e-05 -0.000106867 -0.000152415 -0.000169903 -0.00014528 -6.45705e-05 -5.34875e-05 -0.000149572 -0.000283104 -0.000373179 -0.000440163 -0.000468803 -0.000475149 -0.000411324 -0.000288724 -0.000230892 -0.000253191 -0.000301352 -0.000318125 -0.000323757 -0.000326805 -0.000308426 -0.000263904 
-5.48931e-05 -8.70565e-05 -0.000118788 -0.000128424 -0.000127136 -7.53978e-05 -4.92947e-05 -0.000122986 -0.000270634 -0.000406359 -0.000521841 -0.000616978 -0.000633305 -0.000547951 -0.000397697 -0.000313281 -0.000301335 -0.000315262 -0.000324501 -0.000327578 -0.000321299 -0.000301067 -0.000261744 -0.000219117 
-3.09182e-05 -1.55203e-05 -2.62098e-05 -5.20714e-05 -8.07682e-05 -0.000162437 -0.00028074 -0.000446439 -0.000557078 -0.000612729 -0.00066681 -0.000653605 -0.000573479 -0.000438698 -0.000339467 -0.000338604 -0.000361606 -0.000380775 -0.000386994 -0.000375976 -0.000336307 -0.00028556 -0.000229175 -0.000170994 
6.99645e-05 9.41465e-05 3.3425e-05 -9.90288e-05 -0.000294981 -0.000468468 -0.000633244 -0.000694209 -0.000763551 -0.000779181 -0.000756302 -0.00061521 -0.000474242 -0.000368089 -0.000263959 -0.000220004 -0.000209909 -0.000212813 -0.000195979 -0.000177374 -0.000137216 -8.1798e-05 -4.10488e-05 -1.22202e-05 
5.88419e-05 -4.38021e-06 -0.000139934 -0.000337525 -0.000508605 -0.000658701 -0.000713276 -0.000818727 -0.000867721 -0.000853238 -0.000675349 -0.0004464 -0.000206741 -6.54946e-05 -4.71778e-06 1.67415e-05 1.90826e-05 -1.906e-06 -3.4851e-05 -3.33412e-05 -6.43488e-06 2.61063e-05 2.64104e-05 2.01472e-05 
-6.70959e-05 -0.000194753 -0.00035476 -0.000501975 -0.000565512 -0.000641383 -0.000783194 -0.000901155 -0.000951333 -0.000848207 -0.000610795 -0.000305367 -0.000131803 -1.09675e-05 5.66385e-05 0.000102845 0.00012441 0.00012617 0.000106123 8.16052e-05 7.22148e-05 7.32017e-05 7.26755e-05 6.77515e-05 
-0.000180888 -0.000375156 -0.000474049 -0.000473916 -0.000537365 -0.000669842 -0.000874006 -0.00100556 -0.000925835 -0.000757019 -0.00045072 -0.000204321 -4.27432e-05 6.51155e-05 0.000146258 0.000195034 0.000238833 0.000261232 0.000248992 0.00022004 0.000191991 0.000161184 0.000122399 8.90435e-05 
-0.000320755 -0.000434999 -0.000425551 -0.000461683 -0.000578678 -0.000791551 -0.000983614 -0.000981142 -0.000754075 -0.000460558 -0.000176674 -3.87957e-05 1.64696e-05 3.68372e-05 0.000111158 0.000202967 0.000284432 0.000348586 0.000360915 0.000350158 0.000325649 0.000272239 0.000210687 0.0001631 
-0.00034188 -0.00034923 -0.000387401 -0.000481749 -0.000651383 -0.000861744 -0.000940777 -0.000769924 -0.000460694 -0.000223731 -0.000118363 -4.93736e-05 6.2707e-05 0.000143934 0.000253204 0.000391099 0.000490467 0.000570796 0.000602241 0.000593365 0.000522385 0.000428407 0.000328152 0.000257937 
-0.000266298 -0.000324784 -0.00042962 -0.000543195 -0.000682096 -0.000750362 -0.000654691 -0.000453423 -0.000258158 -0.000121614 -2.6297e-05 0.000134125 0.000201498 0.000327367 0.000467008 0.000625065 0.000759877 0.000845748 0.000863237 0.000846179 0.000788432 0.000693633 0.000572189 0.000449208 
-0.000288174 -0.00039916 -0.000516361 -0.00058983 -0.000624884 -0.000565273 -0.000389972 -0.000185383 -3.13821e-05 7.43058e-05 0.000274172 0.000346948 0.000405481 0.000460639 0.000573427 0.000697688 0.000797517 0.000838466 0.000861882 0.000838989 0.000788741 0.000695233 0.000566564 0.000435194 
-0.000356564 -0.000513964 -0.000614531 -0.000637488 -0.000586817 -0.000470914 -0.000172747 0.000121882 0.000257842 0.000441468 0.000513667 0.000528666 0.000536734 0.000572825 0.000675525 0.000762547 0.000817459 0.000861599 0.000869624 0.000835028 0.000772387 0.000687601 0.000572875 0.00045134 
-0.000380118 -0.000524565 -0.000607993 -0.000651732 -0.000579859 -0.000308919 6.27605e-05 0.00029629 0.000487982 0.000588588 0.000635643 0.000664193 0.000669605 0.00071414 0.000783162 0.000825419 0.000852358 0.000866272 0.00086464 0.000825844 0.000764335 0.000679007 0.000555874 0.000431205 
-0.00040142 -0.000494122 -0.000560758 -0.000554094 -0.000352531 -6.10693e-05 0.00029303 0.000565484 0.000661348 0.000698969 0.000725344 0.000731679 0.000725534 0.000755528 0.000833817 0.000880912 0.000883845 0.000848732 0.000796232 0.000775351 0.000739356 0.00062405 0.000503017 0.000400425 
-0.000377955 -0.000436367 -0.000492107 -0.000366332 -0.000146374 0.000214236 0.000584289 0.000762359 0.000803998 0.000799185 0.000777857 0.000763356 0.000748308 0.000775761 0.000816904 0.000838559 0.000847978 0.000781532 0.000722003 0.000672589 0.000530572 0.00038939 0.000289927 0.000207933 
-0.000301928 -0.000357719 -0.000339557 -0.000209396 3.37556e-05 0.00045293 0.00070813 0.000797539 0.000820219 0.000809524 0.000778161 0.000766768 0.000764272 0.000779939 0.000805389 0.000815681 0.000802475 0.000744859 0.000655852 0.000509385 0.000307106 0.00011256 -2.26488e-07 -6.64402e-05 
-0.000200001 -0.000232784 -0.000232089 -9.25938e-05 0.000265171 0.00056349 0.000710265 0.000761942 0.000778461 0.000775683 0.000760427 0.000750764 0.000748556 0.000768174 0.000778149 0.000790464 0.000776812 0.000686648 0.000574118 0.000368603 0.000101332 -8.92473e-05 -0.000144725 -0.000175691 
-6.0661e-05 -9.74058e-05 -5.41904e-05 0.000164612 0.000422209 0.000591494 0.00068758 0.000714954 0.000717349 0.000723035 0.000724589 0.000719709 0.000727165 0.000742966 0.000730101 0.000738018 0.000719136 0.000629236 0.000462201 0.000140852 -8.74979e-05 -0.000146944 -0.000194705 -0.000235083 
8.69795e-05 0.000153507 0.000251574 0.000419931 0.000556729 0.000647984 0.000678278 0.000684682 0.000692619 0.000704047 0.000708905 0.000706628 0.000710733 0.000710975 0.000685818 0.000671833 0.000645762 0.000563208 0.000366247 4.44304e-05 -0.000121031 -0.000202741 -0.000211107 -0.000192132 
0.000294485 0.00039044 0.000470606 0.000572958 0.000634629 0.000670731 0.000666287 0.0006614 0.000678278 0.000697053 0.00070888 0.00070044 0.000687068 0.000675333 0.000652217 0.000616237 0.000579858 0.000503128 0.000271385 3.13721e-05 -0.000122607 -0.000146968 -0.000103563 -5.67654e-05 
0.000432119 0.000541915 0.000617122 0.000664717 0.000672371 0.000676307 0.000665972 0.000663242 0.000688359 0.000721121 0.000734431 0.000730163 0.000699379 0.000666006 0.000636931 0.00059403 0.000530691 0.000409471 0.000159673 -7.46356e-05 -0.000190797 -0.000163894 -0.000123176 -0.000104993 
0.000529351 0.000611059 0.000670803 0.000710564 0.00072524 0.000722224 0.000711001 0.000711739 0.000741858 0.000782902 0.000793414 0.00076764 0.000730936 0.000693623 0.000646829 0.00057199 0.000490641 0.000309002 6.09726e-05 -0.000146092 -0.000192009 -0.000208568 -0.000161748 -0.000149285 
0.000546881 0.000641899 0.000713861 0.000757042 0.00076047 0.000727807 0.000692339 0.000682884 0.000699086 0.000723997 0.000734342 0.000716965 0.00069784 0.000668176 0.000616578 0.000519468 0.000419283 0.0001716 -7.22167e-05 -0.000159753 -0.000217532 -0.000235737 -0.000207542 -0.000181712 
0.00036096 0.00047327 0.000552237 0.000594004 0.000588061 0.000554923 0.000535767 0.000535494 0.00055516 0.000592698 0.000599979 0.000593217 0.00057482 0.000548494 0.000491252 0.000393527 0.00017642 -6.61317e-05 -0.000197779 -0.000248038 -0.000291195 -0.000286574 -0.000245844 -0.000192989 
0.000133666 0.000220524 0.000273177 0.000268553 0.000230873 0.000188878 0.000178821 0.000182098 0.000211364 0.000282712 0.000365491 0.000393341 0.000377 0.000347347 0.000281248 0.000111293 -0.000104398 -0.000271805 -0.000329151 -0.000365524 -0.000338434 -0.000298294 -0.000256316 -0.000204288 
-0.00010832 -7.03264e-05 -6.15951e-05 -8.47206e-05 -8.7302e-05 -9.44146e-05 -0.00011499 -0.000108797 -9.08948e-05 -3.69361e-05 6.81058e-05 0.00012532 0.000118819 9.11311e-05 1.71819e-05 -0.000113998 -0.000302931 -0.000405798 -0.000402872 -0.000357885 -0.000328369 -0.000298728 -0.000254739 -0.000197164 
-0.000202613 -0.00020274 -0.000232195 -0.0002711 -0.000287187 -0.000277375 -0.000269385 -0.000256134 -0.000241812 -0.000181702 -9.80777e-05 -5.68741e-05 -4.01611e-05 -5.04517e-05 -0.000127548 -0.000212275 -0.000305768 -0.000288665 -0.000278969 -0.00025755 -0.000241736 -0.000205921 -0.000155893 -0.000116607 
-9.73733e-05 -7.34587e-05 -8.92797e-05 -0.000146516 -0.000168018 -0.000164622 -0.000158696 -0.000148384 -0.000150205 -0.00012593 -4.12049e-05 2.78373e-05 6.75405e-05 6.11902e-05 -1.25981e-05 -0.000134419 -0.000187836 -0.000193907 -0.000178884 -0.000161884 -0.00015709 -0.000140632 -0.000114347 -8.61777e-05 
