6.83573e-05 7.59376e-05 7.3667e-05 5.7028e-05 -1.31134e-05 -9.26914e-05 -8.56694e-05 -0.000119271 -0.000192801 -0.000248284 -0.000264259 -0.000262652 -0.000256519 -0.000221632 -0.000176269 -0.000123329 -6.71601e-05 -2.3098e-05 -1.01196e-05 -6.27165e-06 2.20925e-06 9.52231e-06 1.04427e-05 8.7462e-06 
0.000106558 0.000123413 0.000118762 0.000110746 3.06302e-05 -6.39542e-05 -0.000186674 -0.000298039 -0.000408327 -0.000454806 -0.000425709 -0.00038421 -0.00030708 -0.000242504 -0.000174699 -8.93977e-05 -3.38454e-05 -4.30106e-06 1.31774e-05 -1.551e-06 1.86284e-08 3.53819e-07 5.33796e-06 8.14105e-06 
0.000141691 0.000155453 0.000166426 0.000177152 0.000119423 5.35725e-05 -8.19319e-06 -7.84625e-05 -0.000140844 -0.000157201 -0.000189461 -0.000278522 -0.000330207 -0.00034606 -0.000297768 -0.000210272 -0.000121083 -3.94946e-05 -1.14966e-05 -2.92571e-05 -7.8068e-05 -9.41524e-05 -9.36844e-05 -9.53404e-05 
0.00015498 0.000173884 0.000202031 0.000227483 0.000236512 0.000254927 0.000280226 0.0002579 0.000220739 0.000161937 8.13172e-05 -3.8056e-05 -0.000144734 -0.00023532 -0.000274782 -0.00023223 -0.000200443 -0.000117379 -4.90802e-05 -2.1284e-05 -6.05876e-05 -0.000112543 -0.000116093 -0.000108247 
0.000151451 0.000175032 0.000208165 0.000230118 0.000269542 0.000313026 0.000311167 0.000277114 0.000244023 0.000198056 7.47e-05 -9.20152e-05 -0.00018961 -0.000241787 -0.000262571 -0.000231513 -0.000194369 -0.000144483 -5.525e-05 -5.94539e-05 -8.99669e-05 -0.00012675 -0.00011642 -8.84973e-05 
0.000134744 0.000147203 0.000182967 0.000231269 0.000247933 0.000249133 0.00020881 0.000172313 0.000176327 0.00013929 4.73783e-05 -4.59512e-05 -0.000138661 -0.00019688 -0.000210251 -0.000156457 -0.000109553 -7.92517e-05 -5.4375e-06 5.10988e-05 7.20745e-06 1.41838e-05 -5.26181e-06 -1.27756e-06 
0.000120803 0.000134646 0.000159074 0.000184492 0.000233996 0.00024487 0.000193917 0.000192275 0.000286969 0.000385584 0.000331754 0.000169239 -2.33811e-05 -0.000110762 -0.000174899 -0.000107967 -3.46963e-05 -7.43545e-05 -4.36431e-05 4.46901e-05 0.000127657 0.000140721 0.000133335 9.40373e-05 
8.46726e-05 0.000101742 0.000113894 0.000119756 9.73933e-05 7.08802e-05 3.81695e-05 2.38076e-05 9.46311e-05 0.000222538 0.000295099 0.000244027 0.000103621 -2.85035e-05 -0.00016283 -0.00017564 -0.0001835 -0.000207901 -0.000217686 -0.000138728 -2.57516e-06 0.000128216 0.000191908 0.000209491 
7.20588e-05 9.47868e-05 9.28744e-05 6.94025e-05 2.90721e-05 1.1163e-05 3.49029e-05 -1.1766e-05 -1.55642e-05 6.9708e-05 0.000134868 7.12765e-05 -4.66562e-05 -0.000133449 -0.000230624 -0.000251059 -0.000297519 -0.000300088 -0.000318792 -0.000186769 -4.62558e-05 3.24167e-05 9.79163e-05 0.000154538 
2.65481e-05 3.39301e-05 3.14875e-05 4.1331e-05 4.9505e-05 0.000146343 0.000213531 0.00021851 0.000183723 0.000155222 3.84095e-05 -0.000145623 -0.000347168 -0.000447798 -0.000426825 -0.000379318 -0.000343333 -0.000336478 -0.000351368 -0.000239708 -9.13232e-05 1.58424e-05 8.80121e-05 0.000144309 
2.69476e-05 3.00875e-05 3.05078e-05 1.43653e-05 2.7974e-05 8.782e-05 0.000136497 0.000172552 0.000141324 5.94575e-06 -0.000143237 -0.000295811 -0.000416263 -0.000470542 -0.000488136 -0.000421677 -0.000313078 -0.000229621 -0.000236105 -0.000261233 -0.000262145 -0.000243194 -0.000216344 -0.000127569 
5.19085e-05 6.03437e-05 5.34165e-05 -3.73608e-06 -4.65144e-05 -5.05298e-05 -4.69237e-05 -4.84128e-05 -0.000144954 -0.000274479 -0.000329306 -0.000335959 -0.000368014 -0.00039171 -0.000383586 -0.000313483 -0.000194026 -0.000186922 -0.00022851 -0.000248533 -0.000283041 -0.00029707 -0.000268125 -0.000214358 
3.69166e-05 3.13984e-05 2.46635e-05 5.96178e-05 7.68133e-05 6.32199e-05 2.20883e-05 -6.30035e-06 -5.72236e-05 -0.00017251 -0.000263139 -0.000303183 -0.000297983 -0.000290466 -0.000271589 -0.000257868 -0.000248717 -0.000322345 -0.000396154 -0.000418727 -0.000424295 -0.000399749 -0.000366559 -0.000315942 
5.16751e-06 1.85691e-05 9.90193e-05 0.00017972 0.000159466 9.91448e-05 -3.17498e-05 -8.55491e-05 -0.000118116 -0.000209101 -0.000299378 -0.000240508 -0.000196159 -0.000185291 -0.000225165 -0.000271697 -0.000337581 -0.000436802 -0.000512281 -0.000576937 -0.000599917 -0.000578765 -0.000519348 -0.000436611 
6.74655e-06 8.86224e-05 0.000169811 0.00020742 0.000112646 1.75755e-06 -0.000131494 -0.000221199 -0.000289143 -0.000374191 -0.000346192 -0.000242302 -0.000173604 -0.000216306 -0.000305699 -0.000366016 -0.000380008 -0.000396404 -0.000416833 -0.000447807 -0.000462184 -0.000438246 -0.000395894 -0.000346294 
9.32576e-05 0.000147966 0.000190701 0.000157912 5.36704e-05 -0.000110366 -0.000227651 -0.000350939 -0.000436636 -0.000489476 -0.000422732 -0.000330534 -0.000315011 -0.000376396 -0.000439768 -0.000453479 -0.000446755 -0.000445245 -0.000475968 -0.000502918 -0.00049819 -0.000451708 -0.000388545 -0.00032307 
0.000173654 0.000195981 0.000179176 8.10984e-05 -5.32606e-05 -0.000187965 -0.000363614 -0.000471517 -0.000549544 -0.00055811 -0.000582754 -0.00061292 -0.000680482 -0.000725018 -0.000724862 -0.000701275 -0.000665224 -0.000631195 -0.000611143 -0.000597902 -0.000576584 -0.000522283 -0.000436735 -0.000334815 
0.000144633 0.000127432 3.27892e-05 -3.60796e-05 -0.000148237 -0.000307517 -0.000451124 -0.000534467 -0.000553375 -0.000620465 -0.000675915 -0.000799129 -0.00086217 -0.00087587 -0.000834605 -0.00077892 -0.000734515 -0.000692633 -0.000634114 -0.000575846 -0.000528898 -0.000486853 -0.000416055 -0.000324443 
0.000141918 4.7583e-05 -4.33649e-05 -0.00012883 -0.000221375 -0.000365501 -0.000423199 -0.000419756 -0.000502434 -0.000596777 -0.000776563 -0.000869762 -0.00089454 -0.000893102 -0.000845448 -0.000760036 -0.000673577 -0.000582844 -0.000500828 -0.000429706 -0.000374355 -0.000330422 -0.000275276 -0.000212749 
9.44243e-05 -1.09845e-05 -8.95006e-05 -0.000130332 -0.000180282 -0.000177592 -0.000195838 -0.000245973 -0.000379029 -0.000634995 -0.000871809 -0.000958487 -0.00091228 -0.000865503 -0.000765142 -0.000627045 -0.000481899 -0.000366555 -0.000282437 -0.000230163 -0.000185119 -0.000130322 -0.000100294 -8.53841e-05 
3.33679e-05 -5.19754e-05 -6.84439e-05 -5.3057e-05 -8.80003e-06 3.81464e-06 -1.35506e-05 -0.000145993 -0.000438924 -0.000725364 -0.00085199 -0.000844583 -0.000755316 -0.000667987 -0.00057314 -0.000479709 -0.000390172 -0.000322194 -0.000275346 -0.000251236 -0.000248158 -0.000218714 -0.000177124 -0.000139265 
4.62076e-06 -2.76396e-05 1.45852e-05 7.09518e-05 9.13902e-05 7.79517e-05 -9.34687e-05 -0.000334495 -0.000588514 -0.000721956 -0.000710679 -0.000593146 -0.000563965 -0.000517933 -0.000402014 -0.000281704 -0.000223231 -0.00020643 -0.00020724 -0.00020641 -0.000197135 -0.000177108 -0.000151212 -0.000126978 
4.62374e-06 3.47053e-05 0.000107895 0.000146835 8.72427e-05 -6.57157e-06 -0.000210831 -0.000485496 -0.000661117 -0.000647729 -0.00060173 -0.000615678 -0.00062357 -0.000585648 -0.00046607 -0.000352668 -0.000246638 -0.000140732 -6.10831e-05 -3.05438e-05 -1.35012e-05 -9.88133e-06 -8.00899e-06 -5.46913e-06 
5.22551e-05 0.000104087 0.000140717 8.22541e-05 4.4815e-05 -4.38574e-05 -0.000256646 -0.000484194 -0.000533439 -0.000608734 -0.000609095 -0.000599975 -0.000605533 -0.000580488 -0.000502541 -0.000395918 -0.000250249 -0.000134737 -7.42534e-05 -4.31638e-05 -2.31033e-05 -1.85231e-05 -1.63388e-05 -1.5446e-05 
8.10005e-05 0.000100252 3.07318e-05 -4.07092e-05 -3.81888e-05 -0.000164322 -0.000418539 -0.000471793 -0.000537633 -0.000548966 -0.000502831 -0.000478277 -0.000473199 -0.000474535 -0.000440853 -0.000347386 -0.000209057 -0.000129783 -4.99748e-05 -2.17378e-05 -1.17468e-05 -2.06554e-05 -2.22375e-05 -1.62322e-05 
6.47492e-05 -1.64685e-05 -0.000127881 -0.000190594 -0.000238076 -0.000418243 -0.000464365 -0.000514311 -0.000501958 -0.000463254 -0.000430514 -0.000415271 -0.000404054 -0.000387838 -0.000343935 -0.000263792 -0.00020752 -0.000116964 -5.21408e-05 -2.20153e-05 9.04954e-07 6.187e-05 9.65594e-05 0.00011616 
9.95303e-06 -8.39787e-05 -0.000170673 -0.000278409 -0.000433805 -0.000448307 -0.00047597 -0.000497625 -0.000439696 -0.000404244 -0.00039444 -0.000389806 -0.000371605 -0.000334901 -0.000254824 -0.000220024 -0.000172749 -9.16012e-05 -4.72289e-05 -1.30372e-05 7.65802e-05 0.000121713 0.000114494 9.51719e-05 
-3.32538e-05 -0.000103607 -0.000200528 -0.000352998 -0.000408008 -0.00042183 -0.000485231 -0.000446717 -0.000391694 -0.000368472 -0.00035966 -0.000360054 -0.000345545 -0.000316018 -0.000219509 -0.000196988 -0.00013428 -8.30693e-05 -5.91222e-05 -7.84026e-06 4.89863e-05 4.10638e-05 -1.73721e-06 -4.20616e-05 
-7.51637e-05 -0.00017594 -0.000271725 -0.000335711 -0.000364453 -0.000414319 -0.000419646 -0.000387681 -0.000346979 -0.000320887 -0.000309978 -0.000320192 -0.0003374 -0.000294852 -0.000239679 -0.000229462 -0.000176932 -0.00012928 -8.58396e-05 -1.72661e-05 -8.16504e-06 -1.49072e-05 -5.87908e-06 -1.63651e-05 
-0.000101062 -0.000167207 -0.000224295 -0.000297542 -0.000350275 -0.000387994 -0.00037807 -0.000354416 -0.000336501 -0.000312478 -0.000286109 -0.000281861 -0.0003012 -0.00028253 -0.000256076 -0.00026317 -0.000227378 -0.00018361 -0.000129932 -8.90135e-05 -6.34233e-05 -2.30146e-05 6.91132e-05 9.57753e-05 
-0.000122576 -0.000167123 -0.000234169 -0.000291329 -0.000371588 -0.000384443 -0.000373224 -0.000364832 -0.000348003 -0.000313509 -0.000280215 -0.000262067 -0.000274653 -0.000263738 -0.000255416 -0.000272796 -0.000244096 -0.000208714 -0.000141483 -8.29352e-05 -7.08837e-05 1.48569e-06 5.55679e-05 6.5588e-05 
-0.000160638 -0.000220249 -0.000286509 -0.000351598 -0.000386183 -0.000382831 -0.000376458 -0.000365344 -0.000342352 -0.000310144 -0.000274161 -0.000259237 -0.000260261 -0.000242237 -0.000232034 -0.000251617 -0.000258765 -0.000239114 -0.000114077 -2.88985e-05 7.33e-06 -5.01477e-05 -5.56834e-05 -4.50936e-05 
-0.000213066 -0.000277672 -0.000341622 -0.00036582 -0.000363935 -0.000360423 -0.000358649 -0.000345598 -0.000323079 -0.000300172 -0.000272578 -0.000262119 -0.00023937 -0.000217693 -0.000219272 -0.000241318 -0.000285861 -0.000231554 -7.13993e-05 6.58194e-05 7.47824e-05 0.000115899 0.000160882 0.000145698 
-0.000193211 -0.000244274 -0.000307124 -0.000342346 -0.000353049 -0.000355716 -0.000353407 -0.000353398 -0.000347467 -0.000324636 -0.000276585 -0.000251637 -0.000243546 -0.000239038 -0.000249673 -0.000271084 -0.00028424 -0.000189794 -2.38621e-05 9.21292e-05 0.000195179 0.000277632 0.000322513 0.000297544 
-0.000207256 -0.000245684 -0.000293283 -0.000327547 -0.000332007 -0.000343483 -0.00034865 -0.000359613 -0.000363324 -0.000336763 -0.000311235 -0.000302471 -0.000305591 -0.000314003 -0.000325664 -0.000337585 -0.000316339 -0.00013665 -4.64018e-05 4.98455e-05 0.000156922 0.00024142 0.000288393 0.000253704 
-0.000208914 -0.000276537 -0.000320988 -0.000331046 -0.000313098 -0.000309246 -0.000322726 -0.000336594 -0.000337099 -0.000341932 -0.000322937 -0.000314533 -0.000327771 -0.000328555 -0.000333425 -0.000348254 -0.000217001 -9.01336e-05 -3.51883e-05 3.97092e-05 0.000165027 0.000229289 0.000236783 0.000186971 
-0.000204938 -0.000279142 -0.000307092 -0.000295386 -0.000258079 -0.000229191 -0.000212555 -0.000206249 -0.000214017 -0.000227904 -0.000255395 -0.000254417 -0.000264985 -0.000258415 -0.000258299 -0.000258658 -0.000162713 -0.000123726 -7.12327e-05 1.91375e-06 8.22437e-05 0.000120739 0.000133282 0.000107661 
-9.5856e-05 -0.000142617 -0.000152547 -9.63429e-05 -4.94489e-05 -2.71139e-05 -1.8825e-05 -1.68631e-05 -1.53068e-05 -4.37403e-05 -0.00014217 -0.000205427 -0.000228539 -0.000233849 -0.000220601 -0.000184275 -0.000114485 -6.71271e-05 -6.76051e-05 -5.62213e-05 -1.37839e-05 3.40802e-05 4.42864e-05 4.26261e-05 
-5.43552e-05 -9.77739e-05 -0.000108607 -5.4499e-05 7.51114e-07 4.53949e-05 5.16546e-05 4.53764e-05 3.75427e-05 -1.5154e-05 -0.000116718 -0.00018074 -0.000204956 -0.000212801 -0.000214904 -0.000185204 -0.000195348 -0.000161867 -9.73467e-05 -5.55049e-05 2.56085e-06 5.2328e-05 6.33801e-05 6.15387e-05 
-0.000106975 -0.000156186 -0.000179284 -0.000191958 -0.000159058 -0.000127948 -0.0001215 -0.000127176 -0.000130658 -0.000145006 -0.000126976 -0.000127074 -0.000131679 -0.000123305 -0.000158438 -0.000183218 -0.000187895 -0.000135946 -9.81998e-05 -6.68549e-05 -1.36147e-05 3.76288e-05 4.63342e-05 3.29025e-05 
