-7.44852e-05 -8.5527e-05 -9.42485e-05 -0.000107048 -0.000137836 -0.00018937 -0.000184033 -0.000205477 -0.000259679 -0.000307093 -0.000330223 -0.000321341 -0.000303478 -0.00027662 -0.000240017 -0.00019686 -0.000153445 -0.000101798 -6.429e-05 -4.85307e-05 -2.93016e-05 -2.58965e-05 -2.40194e-05 -2.24629e-05 
-2.44469e-05 -2.32302e-05 -3.09095e-05 -3.94874e-05 -0.000100934 -0.000180889 -0.000238957 -0.00028827 -0.00034199 -0.000374712 -0.000392234 -0.000398495 -0.000356508 -0.000295249 -0.000226244 -0.000166245 -0.000124019 -9.69054e-05 -9.15817e-05 -9.63747e-05 -9.19126e-05 -9.56602e-05 -9.23611e-05 -8.76646e-05 
-6.18683e-06 -8.18969e-06 -1.74443e-05 -4.12116e-05 -8.11085e-05 -0.000139508 -0.000199446 -0.000240264 -0.000291863 -0.000351986 -0.000378605 -0.000446184 -0.000456555 -0.000467252 -0.000388342 -0.000319066 -0.00023839 -0.000148949 -0.0001041 -0.00013254 -0.000154669 -0.00014333 -0.000129544 -0.000121737 
-1.78475e-05 -2.36615e-05 -3.03696e-05 -2.36124e-05 -3.49353e-05 -4.69461e-05 -6.04882e-05 -9.64922e-05 -0.000162497 -0.00028852 -0.000442425 -0.000545105 -0.000604072 -0.000628993 -0.000581315 -0.000490034 -0.000425659 -0.000308211 -0.000184312 -0.00015578 -0.000182746 -0.000199603 -0.000187261 -0.000169381 
1.32708e-05 1.30153e-05 -2.85702e-06 -2.20852e-05 -4.03564e-05 -4.62137e-05 -4.68432e-05 -0.000102238 -0.000156979 -0.00025667 -0.000411393 -0.000551505 -0.0006399 -0.000665741 -0.000663739 -0.00062489 -0.000544112 -0.000445318 -0.000331634 -0.000283483 -0.000350463 -0.000367411 -0.000309229 -0.000241095 
3.76172e-06 -3.76494e-06 -1.30661e-05 -2.62256e-05 -7.3287e-05 -0.000152762 -0.000244305 -0.000323621 -0.000365413 -0.000436266 -0.000541991 -0.000653338 -0.000723162 -0.000762951 -0.000747786 -0.000701876 -0.000640404 -0.000568955 -0.000483321 -0.000437409 -0.000475374 -0.000490691 -0.000431146 -0.000346125 
-7.31098e-06 -1.27099e-05 -1.68833e-05 -3.31069e-05 -9.46698e-05 -0.000197344 -0.000357769 -0.000480312 -0.000533998 -0.000574784 -0.000677478 -0.000794738 -0.000856386 -0.000877056 -0.000927584 -0.0008965 -0.000819588 -0.000787589 -0.000710136 -0.000660768 -0.000610669 -0.000597432 -0.000553319 -0.000490763 
4.76691e-06 1.88721e-06 5.91823e-06 -5.80734e-06 -6.04375e-05 -0.000192413 -0.000333904 -0.000434297 -0.000493702 -0.000537327 -0.000618847 -0.00072094 -0.000830917 -0.000931128 -0.00101234 -0.00107729 -0.00105406 -0.00103046 -0.000986881 -0.000891415 -0.000793638 -0.000674894 -0.000554208 -0.000470757 
-2.05128e-05 -2.58441e-05 -2.45519e-05 -3.16431e-05 -6.91793e-05 -0.000136295 -0.000219182 -0.000308989 -0.000397703 -0.00050886 -0.00060352 -0.000724186 -0.000902802 -0.00105313 -0.00117342 -0.00124626 -0.00126298 -0.00120867 -0.00116431 -0.00102095 -0.00087868 -0.000736667 -0.000586469 -0.000449715 
-5.97407e-05 -7.29026e-05 -7.39446e-05 -6.31226e-05 -9.78089e-05 -0.000142934 -0.000190527 -0.000276286 -0.000412795 -0.000603486 -0.000807115 -0.000977685 -0.0011195 -0.00124285 -0.00135147 -0.00139282 -0.00134879 -0.00133397 -0.00132447 -0.00120972 -0.00109642 -0.000961307 -0.00078267 -0.000619752 
-5.27399e-05 -7.68551e-05 -9.00621e-05 -0.000118767 -0.000126618 -0.000118267 -0.000133217 -0.000194984 -0.000354775 -0.000608579 -0.000854862 -0.000993436 -0.00115163 -0.00129272 -0.00136223 -0.00144221 -0.00144479 -0.00141677 -0.00138122 -0.00131897 -0.00121802 -0.00113166 -0.000986967 -0.000756461 
-3.89072e-05 -5.02066e-05 -7.55657e-05 -0.000141224 -0.000221416 -0.000257701 -0.000249804 -0.000240383 -0.000344033 -0.000596596 -0.000798518 -0.000922414 -0.0010356 -0.00117646 -0.00129688 -0.00132261 -0.00128195 -0.00130552 -0.00132723 -0.00132096 -0.00128929 -0.0011874 -0.00101821 -0.000807514 
-4.94961e-05 -7.70966e-05 -0.000106205 -0.000167255 -0.000237332 -0.000273399 -0.000294348 -0.000333748 -0.000453328 -0.000641616 -0.000805619 -0.000938699 -0.00106576 -0.00115422 -0.00118942 -0.00114191 -0.00106111 -0.00104747 -0.00109483 -0.00114067 -0.0011638 -0.00112024 -0.000991445 -0.000815256 
-6.71268e-05 -0.000111044 -0.000153753 -0.000130434 -0.000132916 -0.000191098 -0.00032887 -0.000443973 -0.000547852 -0.00066005 -0.000755967 -0.000930943 -0.0010367 -0.00106708 -0.00104696 -0.000974118 -0.000939514 -0.00099509 -0.00108183 -0.00114081 -0.00115078 -0.00107028 -0.000935687 -0.000782335 
-7.40337e-05 -7.57974e-05 -2.94399e-05 -3.49614e-05 -0.000169692 -0.000349364 -0.000563712 -0.000710947 -0.000799227 -0.00087502 -0.0009685 -0.0010654 -0.00105073 -0.00101819 -0.00101034 -0.0010287 -0.00105968 -0.00113174 -0.00120605 -0.00126602 -0.0012742 -0.00118987 -0.00103943 -0.000859284 
4.51872e-06 1.64798e-05 -2.70341e-05 -0.000178991 -0.000429802 -0.000700791 -0.000866771 -0.000993549 -0.00106981 -0.00114598 -0.00121108 -0.00115503 -0.00105738 -0.000999271 -0.000975499 -0.000983711 -0.00101401 -0.00107177 -0.00114209 -0.00118496 -0.0011717 -0.00105807 -0.000894409 -0.000724584 
2.20291e-05 -4.12805e-05 -0.000218016 -0.000484683 -0.000731428 -0.000922346 -0.0010878 -0.00117039 -0.00123005 -0.00128383 -0.00125269 -0.0010714 -0.000922633 -0.000850433 -0.000817657 -0.000792953 -0.000759298 -0.000744002 -0.000744343 -0.000732513 -0.000702843 -0.000634259 -0.000533903 -0.000428045 
-5.99474e-05 -0.000243954 -0.000523078 -0.0007383 -0.000942575 -0.00111272 -0.00122882 -0.00127469 -0.00128066 -0.00125003 -0.00114073 -0.00101614 -0.000864277 -0.000726834 -0.000620876 -0.000528529 -0.000453192 -0.00039885 -0.000371654 -0.000360353 -0.000347074 -0.000316884 -0.00027715 -0.000222855 
-0.000150798 -0.000438643 -0.000690572 -0.000884395 -0.00101409 -0.00112302 -0.00121096 -0.0012538 -0.00124296 -0.00118216 -0.00109241 -0.000860863 -0.000699691 -0.000589537 -0.00049985 -0.000400387 -0.000325774 -0.000279955 -0.000265865 -0.00027112 -0.0002788 -0.000277122 -0.000249259 -0.000205027 
-0.000313972 -0.000607885 -0.000810622 -0.000910903 -0.000982652 -0.00107591 -0.00118768 -0.00124721 -0.00122412 -0.0011598 -0.00095141 -0.000739151 -0.000636175 -0.000570563 -0.000492091 -0.000389423 -0.000296812 -0.000268866 -0.000272055 -0.000280873 -0.000272534 -0.000248949 -0.000203379 -0.000154496 
-0.000486393 -0.000694413 -0.000792252 -0.000858779 -0.00097953 -0.00110699 -0.00118655 -0.00121456 -0.00113898 -0.000986313 -0.000737375 -0.00056511 -0.000455399 -0.000363766 -0.00031654 -0.000279961 -0.00023563 -0.000219301 -0.000226847 -0.000252349 -0.000248812 -0.000224699 -0.000194221 -0.000164863 
-0.000591554 -0.000680903 -0.000747939 -0.000838947 -0.000951072 -0.00104856 -0.00108039 -0.0010456 -0.000883071 -0.000725707 -0.000563089 -0.000431676 -0.000387655 -0.000351499 -0.000263046 -0.000207037 -0.000201889 -0.000241281 -0.00026538 -0.000259498 -0.000254276 -0.000230267 -0.000196632 -0.000159016 
-0.000590719 -0.000666237 -0.000733888 -0.000815902 -0.000916666 -0.000935275 -0.000851072 -0.000674552 -0.000520559 -0.000455308 -0.000394802 -0.000371584 -0.000364699 -0.000287528 -0.000203278 -0.000153287 -0.000130436 -0.000121691 -0.000103325 -9.41909e-05 -8.77229e-05 -8.26213e-05 -7.17494e-05 -5.70997e-05 
-0.000562648 -0.000660416 -0.00072618 -0.000802653 -0.00087211 -0.000818566 -0.000524918 -0.000334996 -0.0002639 -0.000299802 -0.000300024 -0.000268796 -0.000257298 -0.000228341 -0.00021161 -0.00019958 -0.000164851 -0.000117663 -7.60959e-05 -3.03627e-05 -1.16732e-05 -6.08336e-06 -4.14756e-06 -1.0361e-06 
-0.000557438 -0.000654117 -0.000770784 -0.000905807 -0.000969879 -0.00066776 -0.000435417 -0.000346392 -0.000327766 -0.000317675 -0.000294756 -0.000262554 -0.000257732 -0.000256545 -0.000241957 -0.000235459 -0.000148653 -8.76968e-05 3.51988e-06 4.78363e-05 6.63838e-05 6.46006e-05 6.58582e-05 6.2107e-05 
-0.000529824 -0.000676726 -0.000843779 -0.000963935 -0.000783755 -0.000557678 -0.000419071 -0.000403224 -0.00039223 -0.000355586 -0.000292513 -0.000252861 -0.00025129 -0.000243927 -0.000221514 -0.000163172 -8.74012e-05 7.04901e-06 8.21179e-05 7.61273e-05 5.80503e-05 7.14659e-05 6.0798e-05 1.87264e-05 
-0.000500618 -0.00065037 -0.000771024 -0.00070992 -0.000547956 -0.000402976 -0.000410898 -0.000389938 -0.000368743 -0.000332758 -0.000288014 -0.000249145 -0.000229972 -0.000216259 -0.000182506 -9.51637e-05 7.28375e-06 7.54469e-05 8.65888e-05 4.90309e-05 4.99956e-05 1.23006e-05 -4.35976e-05 -0.000100654 
-0.000487884 -0.000613892 -0.000617404 -0.000543991 -0.000382985 -0.000413247 -0.000410748 -0.000386163 -0.000363335 -0.000339861 -0.000319843 -0.000287013 -0.000244936 -0.00021141 -0.000162598 -5.6883e-05 4.12335e-05 6.9457e-05 3.33032e-05 2.82325e-05 -1.47977e-05 -9.0193e-05 -0.000185811 -0.000227142 
-0.000466281 -0.000507455 -0.000519395 -0.000418971 -0.000401289 -0.000412689 -0.000404946 -0.00038052 -0.000361796 -0.000340478 -0.000316129 -0.000287334 -0.000246865 -0.000204884 -0.000160107 -7.028e-05 1.58889e-06 1.61081e-06 -1.28131e-05 -7.76945e-07 -6.93465e-05 -0.000199712 -0.00027093 -0.000307878 
-0.000315952 -0.000342142 -0.000345111 -0.000362245 -0.000394354 -0.000393157 -0.000366314 -0.000352706 -0.000344299 -0.000323348 -0.000292399 -0.000266831 -0.000237121 -0.000206347 -0.000152132 -8.71437e-05 -7.16805e-05 -9.07718e-05 -3.99491e-05 -5.48803e-05 -0.000185556 -0.000294799 -0.000301641 -0.000270791 
-0.00016026 -0.000175883 -0.000237599 -0.000302851 -0.000328434 -0.000331098 -0.000322462 -0.000317765 -0.000309061 -0.000288208 -0.000263213 -0.000246119 -0.000210703 -0.000172414 -0.000130763 -0.000101112 -0.000126852 -0.000163921 -0.000113913 -0.000182433 -0.000307016 -0.000328463 -0.000300532 -0.00026181 
-9.79702e-05 -0.000145856 -0.000198731 -0.000252053 -0.000281788 -0.000277519 -0.000280176 -0.000278716 -0.000262001 -0.000237915 -0.000214728 -0.000200096 -0.000174324 -0.000147245 -0.000122495 -0.00012876 -0.000205019 -0.000248011 -0.000214004 -0.00028623 -0.000329926 -0.000372302 -0.00032477 -0.00026469 
-0.000128716 -0.00016907 -0.000215983 -0.000242501 -0.000250466 -0.000249873 -0.000245807 -0.000242006 -0.000225201 -0.00020003 -0.000181534 -0.000155705 -0.000133491 -0.000116141 -0.000115268 -0.000161041 -0.000267078 -0.000304645 -0.000324215 -0.000337279 -0.000337428 -0.000298533 -0.00020603 -0.000114243 
-0.000127806 -0.000162039 -0.000190046 -0.000208442 -0.000231821 -0.000252632 -0.000257527 -0.000256339 -0.000244143 -0.000229275 -0.000202755 -0.000182147 -0.000159672 -0.000151148 -0.000165407 -0.000223362 -0.00031398 -0.000389755 -0.000417399 -0.000393097 -0.000317856 -0.000210623 -7.99992e-05 -1.9424e-05 
-0.000150933 -0.000192465 -0.000237516 -0.000273959 -0.000300997 -0.000308744 -0.000296869 -0.00029524 -0.00030087 -0.000297403 -0.000277539 -0.00025294 -0.000245168 -0.000258407 -0.000287355 -0.000306233 -0.000351651 -0.00045834 -0.000498431 -0.000460655 -0.000379517 -0.000285488 -0.000162636 -8.33468e-05 
-0.000200941 -0.000256633 -0.000298103 -0.000315935 -0.000312513 -0.000312096 -0.00031825 -0.000323309 -0.000328694 -0.000323583 -0.000306237 -0.000308814 -0.00032106 -0.000323106 -0.000322317 -0.000327333 -0.000408247 -0.000515738 -0.000514349 -0.000451384 -0.000363428 -0.000273164 -0.000177234 -0.0001127 
-0.000216355 -0.000294381 -0.000371902 -0.000405779 -0.000398519 -0.000400986 -0.000422003 -0.000428146 -0.000420217 -0.000396774 -0.000365394 -0.000342502 -0.000338131 -0.000331044 -0.00034189 -0.000387547 -0.000453622 -0.000475056 -0.000477444 -0.000431742 -0.000339425 -0.000266652 -0.000200908 -0.000146715 
-0.000118675 -0.000173754 -0.000220593 -0.000225952 -0.000232629 -0.000255216 -0.000272158 -0.000278634 -0.00026481 -0.000241132 -0.000266689 -0.000274339 -0.000273684 -0.00026716 -0.000277822 -0.000311488 -0.000351273 -0.000405868 -0.000439175 -0.000431202 -0.000374064 -0.000306117 -0.000248961 -0.000177335 
-0.000103014 -0.000140448 -0.000176465 -0.000167448 -0.00017001 -0.000168318 -0.000177149 -0.000181157 -0.000174161 -0.000165713 -0.000182056 -0.000204786 -0.000222837 -0.00022667 -0.000260385 -0.000306608 -0.000410116 -0.000459479 -0.000462801 -0.000439642 -0.000364879 -0.000277063 -0.00019023 -0.000112461 
-0.000217155 -0.000243926 -0.000268472 -0.000280794 -0.000279461 -0.000290549 -0.000303711 -0.000302286 -0.000298494 -0.000273166 -0.000224282 -0.000201364 -0.000205813 -0.000201857 -0.000259256 -0.000333553 -0.000417153 -0.00043084 -0.000427872 -0.000377989 -0.000287139 -0.000188307 -0.000111874 -5.98609e-05 
