-0.000164627 -0.00018684 -0.000193144 -0.00018212 -0.000164881 -0.000102028 -5.95258e-05 -8.10506e-07 1.34506e-05 2.88484e-06 -1.99379e-05 -3.98311e-05 -1.93668e-05 -2.30257e-06 5.63439e-06 1.44072e-05 2.1255e-05 1.18905e-05 2.44104e-06 -1.60391e-05 -2.58985e-05 -2.10103e-05 -1.63336e-05 -1.16891e-05 
-0.00013924 -0.000154468 -0.000164925 -0.000180908 -0.000199071 -0.000186915 -0.000180645 -0.00020313 -0.000240211 -0.000301637 -0.000358366 -0.000379508 -0.000359016 -0.00032036 -0.000272029 -0.000214636 -0.000127796 -5.38645e-05 -1.32164e-05 7.39002e-06 1.75072e-05 2.0631e-05 2.39754e-05 2.82297e-05 
-0.000142747 -0.000158273 -0.000178632 -0.000208743 -0.000228742 -0.000289707 -0.000377815 -0.000477016 -0.00058349 -0.000705471 -0.000813123 -0.000811181 -0.000750023 -0.000667605 -0.000580719 -0.000460845 -0.000330263 -0.00022438 -0.000102907 -1.58164e-05 4.29897e-05 5.27004e-05 4.22332e-05 4.70789e-05 
-0.000163102 -0.00018479 -0.000226405 -0.000285519 -0.000352005 -0.000483649 -0.000622728 -0.000818643 -0.000998614 -0.00117091 -0.00128936 -0.00131577 -0.00125843 -0.00116061 -0.00101639 -0.000844332 -0.000604549 -0.000402672 -0.000278945 -0.000200537 -0.000146846 -0.000112714 -0.000115014 -0.000111316 
-0.000187776 -0.000216443 -0.000267765 -0.000350395 -0.00044085 -0.000578989 -0.000724971 -0.000892221 -0.00107088 -0.00123636 -0.00135945 -0.00140127 -0.00138362 -0.00133725 -0.00125012 -0.00108192 -0.000847566 -0.000617849 -0.000504055 -0.000443315 -0.000407266 -0.000349358 -0.000303901 -0.00028964 
-0.000177218 -0.000209919 -0.00026989 -0.000363863 -0.000450079 -0.000516969 -0.00061568 -0.00070442 -0.000829749 -0.000971768 -0.00110694 -0.0012462 -0.00134706 -0.00143857 -0.00147388 -0.00134059 -0.00110548 -0.000852269 -0.000707078 -0.000700567 -0.000677795 -0.000625967 -0.000510376 -0.000421872 
-0.000154815 -0.000182952 -0.00023284 -0.000309949 -0.000418496 -0.000550493 -0.000691805 -0.000820983 -0.00100825 -0.00119617 -0.00133937 -0.00144476 -0.00148665 -0.00155645 -0.00162362 -0.00157994 -0.00137231 -0.00113078 -0.000969376 -0.000901229 -0.000901082 -0.000848937 -0.000712143 -0.000579286 
-0.000102279 -0.00012223 -0.000148856 -0.000196024 -0.000305523 -0.000458492 -0.000577944 -0.000692712 -0.000887219 -0.00110921 -0.0013164 -0.00147786 -0.00154938 -0.00162109 -0.0017178 -0.00170657 -0.00156574 -0.00139088 -0.00126381 -0.00117122 -0.00107902 -0.000977737 -0.000838113 -0.000702026 
-8.69837e-05 -0.00010757 -0.000127327 -0.000157309 -0.000248305 -0.000377746 -0.000483256 -0.000575743 -0.000741925 -0.00101704 -0.00125375 -0.00142855 -0.00153893 -0.00167327 -0.00177034 -0.00177541 -0.00166182 -0.00157186 -0.00150843 -0.00147561 -0.00139967 -0.00126501 -0.00108277 -0.000879702 
-8.2304e-05 -0.000106242 -0.000126933 -0.000172439 -0.000278137 -0.000412139 -0.000553228 -0.000699219 -0.000890021 -0.00115512 -0.00137045 -0.00149477 -0.00160082 -0.0017194 -0.00182734 -0.00188054 -0.00181592 -0.00173142 -0.00170359 -0.00170412 -0.00166979 -0.0015292 -0.00130904 -0.00107394 
-8.9062e-05 -0.000110804 -0.000123823 -0.000138453 -0.000204514 -0.000343662 -0.000518972 -0.000692552 -0.000900074 -0.00116863 -0.00140667 -0.00156711 -0.00168386 -0.00178053 -0.00188248 -0.00190765 -0.00186877 -0.00183834 -0.00183799 -0.00181554 -0.00176882 -0.00162125 -0.00136585 -0.0011066 
-8.07969e-05 -0.000100048 -0.000115238 -0.000144344 -0.000211689 -0.000348323 -0.000486353 -0.000652245 -0.000856481 -0.0011017 -0.00134577 -0.00155873 -0.00171247 -0.00183078 -0.00191644 -0.0019364 -0.00192843 -0.00189245 -0.00186312 -0.00181911 -0.00173749 -0.00157937 -0.00134595 -0.0010875 
-6.37249e-05 -7.69084e-05 -0.000128175 -0.000186742 -0.000296125 -0.000469517 -0.000673754 -0.000885553 -0.00112693 -0.00134593 -0.00151288 -0.00165792 -0.00174695 -0.00180895 -0.00186115 -0.001859 -0.00179242 -0.00174313 -0.00171455 -0.00169573 -0.00163542 -0.0014984 -0.00127521 -0.0010293 
-4.69235e-05 -7.29277e-05 -0.000156374 -0.000261604 -0.000414428 -0.00063011 -0.00084822 -0.00107592 -0.00129033 -0.00146811 -0.00155033 -0.00161061 -0.0016535 -0.00168502 -0.0016665 -0.00158007 -0.00149498 -0.0014434 -0.00140637 -0.00137009 -0.00131467 -0.00119412 -0.00101751 -0.000831362 
-5.24482e-05 -0.000126843 -0.000230587 -0.000374718 -0.00058449 -0.000807274 -0.00103079 -0.00122937 -0.00137726 -0.00146962 -0.00152307 -0.00157491 -0.00157792 -0.00154178 -0.0014841 -0.00139423 -0.00129332 -0.00120282 -0.00113416 -0.00107574 -0.0010011 -0.000893326 -0.000751654 -0.000611486 
-0.000128786 -0.000229869 -0.000380765 -0.000578831 -0.000792327 -0.000995747 -0.00122363 -0.00141303 -0.00151269 -0.00156571 -0.00156857 -0.00151772 -0.00144063 -0.00133219 -0.00121622 -0.00113597 -0.0010635 -0.00100477 -0.000962071 -0.00091052 -0.000849891 -0.000766228 -0.00064823 -0.000525411 
-0.000188389 -0.000352841 -0.00054882 -0.000772214 -0.00100222 -0.00124705 -0.00144638 -0.00153559 -0.001579 -0.00156006 -0.00144466 -0.00128288 -0.00112292 -0.00100477 -0.000931442 -0.000872952 -0.00082854 -0.000786389 -0.000749465 -0.000721402 -0.000686813 -0.000625324 -0.000526734 -0.00042355 
-0.000278002 -0.000476351 -0.00070323 -0.000973894 -0.00127674 -0.0015072 -0.00158154 -0.00161274 -0.00156968 -0.00145288 -0.00122704 -0.00101435 -0.000867391 -0.000793854 -0.000745053 -0.000695807 -0.000644725 -0.000600203 -0.000569039 -0.000545071 -0.000515706 -0.000469066 -0.000400707 -0.00032456 
-0.000372446 -0.000598551 -0.000877129 -0.00122052 -0.00149437 -0.00161596 -0.00163397 -0.00156007 -0.0014406 -0.00120828 -0.000971831 -0.000816524 -0.000733696 -0.000694794 -0.000655541 -0.000586842 -0.000529252 -0.000492487 -0.000464749 -0.000435608 -0.0003991 -0.000346 -0.000284384 -0.000226263 
-0.000494719 -0.000790659 -0.00115785 -0.00145055 -0.00163571 -0.00167253 -0.00159064 -0.00144405 -0.00118725 -0.000956195 -0.000793081 -0.00065479 -0.000573797 -0.000532267 -0.000515199 -0.000482894 -0.00043534 -0.000412509 -0.000389787 -0.000347073 -0.000300224 -0.000253163 -0.00020409 -0.000160178 
-0.000705305 -0.00107155 -0.00138032 -0.00160149 -0.00168284 -0.00163405 -0.00148336 -0.00121693 -0.000954633 -0.000776109 -0.000624766 -0.000517883 -0.000506489 -0.00048102 -0.000445529 -0.000420317 -0.000383034 -0.000346653 -0.000311308 -0.000272558 -0.000227 -0.000185678 -0.000148606 -0.00011428 
-0.000898608 -0.00119984 -0.00144845 -0.00157848 -0.00160444 -0.00146627 -0.00120906 -0.000949884 -0.000761939 -0.000625385 -0.000525506 -0.000530037 -0.000520758 -0.000485981 -0.000451903 -0.000418425 -0.000364625 -0.000308905 -0.000210076 -0.000133012 -8.7532e-05 -6.63337e-05 -5.21653e-05 -3.17648e-05 
-0.000981998 -0.00123749 -0.00140207 -0.00147052 -0.00136789 -0.00115767 -0.000894739 -0.000690117 -0.000565192 -0.000490684 -0.000472765 -0.000477261 -0.000463001 -0.000425456 -0.000381586 -0.000329712 -0.000274275 -0.000194999 -0.000107052 -4.22896e-05 -6.99507e-06 4.27219e-06 7.94573e-06 9.48437e-06 
-0.000969719 -0.00117773 -0.00130487 -0.0012653 -0.00110283 -0.000875862 -0.000689887 -0.000527242 -0.000420272 -0.000428855 -0.000463408 -0.000464379 -0.000446328 -0.000405137 -0.000339638 -0.000255662 -0.000168464 -7.88448e-05 -8.52903e-06 4.15927e-05 4.93007e-05 4.02533e-05 2.54155e-05 1.03586e-05 
-0.000981653 -0.00113615 -0.00113807 -0.00103375 -0.000850601 -0.000677107 -0.000468491 -0.000351699 -0.000372944 -0.000427568 -0.000469834 -0.00046861 -0.000448219 -0.00039168 -0.000302054 -0.000166717 -6.7798e-05 -6.96616e-06 2.51924e-05 2.23474e-05 2.50115e-06 -2.1429e-05 -3.03808e-05 -3.47567e-05 
-0.000901549 -0.000939606 -0.000933935 -0.000856026 -0.000724985 -0.00050672 -0.000379303 -0.000384802 -0.000409432 -0.000437106 -0.000455954 -0.000457248 -0.000425892 -0.000352753 -0.000244686 -0.000104799 -1.88017e-05 1.9502e-05 1.93607e-05 -6.04974e-06 -5.47878e-05 -9.58652e-05 -0.000128748 -0.000133828 
-0.000687953 -0.000726759 -0.000742155 -0.000707067 -0.000565728 -0.00040521 -0.000427744 -0.000424811 -0.000426641 -0.000431904 -0.000429104 -0.00041762 -0.000379213 -0.000308403 -0.000210453 -9.35651e-05 -1.60576e-05 2.56826e-05 1.11033e-05 -4.67105e-05 -0.000137437 -0.000221601 -0.000229652 -0.000213631 
-0.000515559 -0.000561943 -0.000599654 -0.000552544 -0.000399037 -0.000413418 -0.000424917 -0.000423118 -0.000418729 -0.000412085 -0.00040391 -0.000388114 -0.000346575 -0.000269976 -0.000171603 -7.67234e-05 -7.73536e-06 2.78021e-05 -2.91938e-05 -0.000136493 -0.000276663 -0.000347652 -0.000331895 -0.000299488 
-0.000375162 -0.000425534 -0.000442408 -0.000388522 -0.000361856 -0.000400144 -0.000410125 -0.000409775 -0.000398726 -0.000388784 -0.000378217 -0.000358042 -0.000308533 -0.000238373 -0.00012547 -4.26454e-05 6.55791e-06 8.37403e-07 -0.000111748 -0.000245207 -0.000347058 -0.000388567 -0.000390187 -0.000381676 
-0.000284304 -0.000323327 -0.000331574 -0.000330267 -0.000351837 -0.000372615 -0.000385765 -0.000381731 -0.000369796 -0.000356006 -0.000340694 -0.00031835 -0.000281243 -0.000217884 -0.000121308 -5.76773e-05 -3.6184e-05 -8.32857e-05 -0.000210573 -0.000291005 -0.000347853 -0.00040403 -0.000424328 -0.000405357 
-0.000190686 -0.000228396 -0.000277618 -0.000319329 -0.00033587 -0.000342346 -0.000346838 -0.000339279 -0.000327737 -0.000315772 -0.00030284 -0.000290008 -0.000263389 -0.000212582 -0.00015252 -0.000118343 -0.000140735 -0.000207371 -0.000287009 -0.000326477 -0.000339087 -0.000344807 -0.0003187 -0.000254919 
-0.000152478 -0.000206426 -0.000259441 -0.000301165 -0.00030871 -0.000311709 -0.000313259 -0.000310124 -0.000296784 -0.000279295 -0.000271078 -0.000260576 -0.000242128 -0.000207698 -0.000176962 -0.000162463 -0.000201233 -0.000275776 -0.000340086 -0.000387323 -0.000395557 -0.0003428 -0.00029617 -0.000254544 
-0.000134466 -0.000181728 -0.00023294 -0.000268124 -0.000283238 -0.000294223 -0.00030172 -0.000301376 -0.00027773 -0.000248581 -0.000229436 -0.000215274 -0.000197636 -0.000179505 -0.000161813 -0.000167516 -0.000222011 -0.000316383 -0.000439175 -0.000487779 -0.00043561 -0.000422083 -0.000382112 -0.000312269 
-0.000103811 -0.000147836 -0.000200932 -0.000248048 -0.000259346 -0.000267442 -0.000279136 -0.000275798 -0.000249413 -0.000210846 -0.000181857 -0.000159907 -0.000147778 -0.000134619 -0.000131153 -0.00016026 -0.000231518 -0.000383851 -0.000505109 -0.000507455 -0.000497923 -0.00047455 -0.000441698 -0.000359915 
-7.97721e-05 -0.000122163 -0.000173362 -0.000214583 -0.000238082 -0.000252803 -0.000273831 -0.000273469 -0.000256348 -0.000228073 -0.000198865 -0.000177457 -0.000166403 -0.000158563 -0.000157051 -0.000193908 -0.000315256 -0.000482465 -0.000506687 -0.000546716 -0.000543036 -0.000527546 -0.000478002 -0.000368394 
-0.000141324 -0.000172894 -0.00021976 -0.000282424 -0.000344668 -0.00038947 -0.000414495 -0.000412776 -0.000400928 -0.000374503 -0.000325916 -0.000286857 -0.000258874 -0.000245663 -0.0002557 -0.000309022 -0.000446015 -0.000508236 -0.000553733 -0.000575787 -0.000557525 -0.000511721 -0.000434632 -0.000321953 
-0.000236842 -0.000282979 -0.000349216 -0.000421845 -0.000480499 -0.00051739 -0.000536412 -0.000532282 -0.000522431 -0.000504918 -0.000459047 -0.000417292 -0.000388632 -0.000371175 -0.000371022 -0.000389276 -0.000443217 -0.000478158 -0.000523915 -0.000511036 -0.000472122 -0.000414006 -0.000351578 -0.000270117 
-0.000165859 -0.000198766 -0.00025064 -0.000318866 -0.00037657 -0.000407163 -0.000414741 -0.000411608 -0.00039872 -0.000369027 -0.000324077 -0.000289493 -0.000272797 -0.00025731 -0.000255118 -0.000276315 -0.000327515 -0.000406267 -0.000402601 -0.000380518 -0.000342579 -0.000299795 -0.000247788 -0.000179226 
-5.81092e-05 -6.6507e-05 -9.68881e-05 -0.000150309 -0.000201544 -0.000244212 -0.0002713 -0.000275386 -0.000261866 -0.00022258 -0.000164853 -0.000142444 -0.000141207 -0.000131221 -0.000133389 -0.000186893 -0.000251171 -0.000284689 -0.000282168 -0.000258746 -0.00022449 -0.000194916 -0.000157897 -0.000112249 
-2.12078e-05 -2.2168e-05 -1.99891e-05 -3.14402e-05 -6.15512e-05 -9.29207e-05 -0.000106457 -0.000105391 -0.000104705 -9.38811e-05 -9.6519e-05 -0.000107331 -0.000107106 -0.000102949 -9.49093e-05 -9.03044e-05 -0.000103668 -0.00013899 -0.000134304 -0.000116919 -0.00010004 -9.47784e-05 -8.09334e-05 -5.97785e-05 
