-9.12811e-05 -0.000103707 -0.00010307 -8.49091e-05 -4.811e-05 -1.56473e-05 -4.52879e-05 -8.13549e-05 -9.19712e-05 -0.000109245 -0.000140994 -0.000163142 -0.000169696 -0.000161787 -0.000148726 -0.000132877 -0.000113699 -9.14204e-05 -5.94835e-05 -1.55192e-05 -3.35238e-06 -4.08685e-06 -5.37766e-06 -8.11754e-06 
-0.000105022 -0.000119156 -0.000120326 -0.000113987 -7.48791e-05 -2.31479e-05 -3.3305e-05 -6.52246e-05 -0.000100753 -0.000176206 -0.000267266 -0.000318864 -0.000350413 -0.000334467 -0.00029897 -0.000262663 -0.000221907 -0.000162876 -0.000120812 -8.76561e-05 -6.5966e-05 -5.88285e-05 -5.73394e-05 -5.73989e-05 
-0.000126708 -0.000142394 -0.000159844 -0.000185536 -0.000172002 -0.000164316 -0.00022567 -0.000312902 -0.000400759 -0.000526554 -0.00061739 -0.000649807 -0.000676468 -0.000596213 -0.00049437 -0.000403498 -0.000303618 -0.000229176 -0.000169744 -0.00012393 -9.23933e-05 -6.13288e-05 -4.632e-05 -4.59292e-05 
-0.000118628 -0.000133394 -0.000159355 -0.000225075 -0.000301256 -0.000376372 -0.000494184 -0.000620091 -0.000662512 -0.00069647 -0.000710528 -0.000666267 -0.000654411 -0.00065472 -0.000653298 -0.000581186 -0.000424279 -0.000294907 -0.000230176 -0.000162822 -0.000104567 -6.75494e-05 -5.23006e-05 -4.62783e-05 
-0.000108023 -0.000130157 -0.000174255 -0.000277711 -0.000437714 -0.000560712 -0.000676515 -0.000785404 -0.000840454 -0.000898213 -0.000915936 -0.000880893 -0.000805289 -0.000758775 -0.000722043 -0.000709907 -0.000599347 -0.000399879 -0.000330309 -0.000284557 -0.00019685 -0.000114021 -9.65158e-05 -9.69573e-05 
-8.95115e-05 -0.000109151 -0.000150266 -0.000256817 -0.000384973 -0.000495966 -0.000622786 -0.000771222 -0.000896763 -0.00101285 -0.00105215 -0.00103219 -0.000986534 -0.000907134 -0.00083191 -0.000831265 -0.000764139 -0.000563148 -0.000437866 -0.000422139 -0.000343964 -0.000259047 -0.000179689 -0.000146544 
-5.45402e-05 -6.21905e-05 -8.63522e-05 -0.000157293 -0.000247045 -0.000346094 -0.000463842 -0.000590673 -0.000727219 -0.000877431 -0.0010119 -0.00105436 -0.00107047 -0.00104197 -0.00099132 -0.000960511 -0.000870393 -0.000646682 -0.000545362 -0.000493671 -0.000474544 -0.0003936 -0.000277013 -0.000195852 
-6.60624e-05 -8.11541e-05 -0.000112654 -0.000159313 -0.00023283 -0.000318182 -0.000393363 -0.000492444 -0.000678086 -0.00086762 -0.000955758 -0.000936433 -0.000961116 -0.000968419 -0.000974218 -0.000929537 -0.000796042 -0.000665161 -0.00064741 -0.000658607 -0.000655364 -0.000614018 -0.000513047 -0.000407923 
-5.19562e-05 -6.53918e-05 -8.48067e-05 -0.000151646 -0.000235122 -0.000307312 -0.0004136 -0.000497874 -0.0005782 -0.000751535 -0.000908164 -0.000859694 -0.000843994 -0.000841246 -0.000852583 -0.000819795 -0.000682499 -0.000626784 -0.000678452 -0.0007961 -0.000861597 -0.000810471 -0.000688319 -0.000552601 
-5.06066e-05 -6.75011e-05 -8.22804e-05 -0.000132673 -0.000198056 -0.000278405 -0.000364375 -0.000438753 -0.000476328 -0.000561171 -0.000689371 -0.0007481 -0.000749338 -0.000710522 -0.000693214 -0.00070539 -0.000665118 -0.000620921 -0.00061275 -0.000706408 -0.000779134 -0.000751624 -0.00065376 -0.000476734 
-4.31281e-05 -6.67512e-05 -7.2393e-05 -9.51645e-05 -0.000148442 -0.00021552 -0.000333581 -0.000467982 -0.000549769 -0.000577819 -0.000643877 -0.00069567 -0.000686707 -0.000620405 -0.000567075 -0.00058501 -0.000599676 -0.000586896 -0.000611192 -0.000675432 -0.000724731 -0.000682761 -0.000579715 -0.000485762 
-4.06286e-05 -6.16476e-05 -6.86281e-05 -6.08418e-05 -7.00742e-05 -0.000138869 -0.000320513 -0.000498338 -0.000606092 -0.00069963 -0.00073902 -0.000757068 -0.000735331 -0.000653881 -0.000595229 -0.000603022 -0.000641991 -0.00065364 -0.000659524 -0.000690954 -0.000705488 -0.000659864 -0.000568442 -0.000463022 
-3.93277e-05 -5.93319e-05 -5.12211e-05 -5.29414e-05 -0.000107666 -0.000211564 -0.000415066 -0.000625863 -0.000765383 -0.000837346 -0.000865038 -0.000828785 -0.00075759 -0.000689262 -0.000658169 -0.000661723 -0.000671747 -0.000673617 -0.000684626 -0.000714143 -0.000724451 -0.00068014 -0.00058725 -0.000477243 
-1.65344e-05 -2.5123e-05 -7.60243e-05 -0.000168111 -0.000299488 -0.00049819 -0.000698471 -0.000838461 -0.000933098 -0.000928694 -0.000876767 -0.00077561 -0.000715154 -0.000688547 -0.000661315 -0.000626768 -0.000603477 -0.000596721 -0.000612022 -0.000631956 -0.000636853 -0.000598526 -0.000515275 -0.00041479 
-2.30402e-05 -9.2994e-05 -0.000174773 -0.00031356 -0.000476696 -0.000618599 -0.00070729 -0.000788272 -0.000832921 -0.000819009 -0.000789608 -0.000754569 -0.000722812 -0.00067085 -0.000624096 -0.000588806 -0.000576403 -0.000579476 -0.000589069 -0.000598053 -0.00058299 -0.000532085 -0.000448407 -0.000354982 
-0.000126902 -0.000240353 -0.000365359 -0.000507288 -0.000603095 -0.000646815 -0.000691062 -0.000781568 -0.000761833 -0.000709179 -0.000723224 -0.000723479 -0.000712933 -0.000670506 -0.000630294 -0.00060986 -0.000601578 -0.000597709 -0.000587014 -0.000575957 -0.000554546 -0.000512956 -0.000438836 -0.00035154 
-0.000210257 -0.000338798 -0.000477248 -0.000559312 -0.000650951 -0.000717925 -0.000763421 -0.000777866 -0.000726002 -0.000733922 -0.000711315 -0.000712096 -0.000685492 -0.000629432 -0.000586323 -0.000562271 -0.000543036 -0.000526406 -0.00051602 -0.000511341 -0.000496263 -0.000456541 -0.000392911 -0.000321268 
-0.00019789 -0.00032668 -0.000411667 -0.000517555 -0.000628965 -0.000699096 -0.000754795 -0.000757214 -0.000758545 -0.000722704 -0.000697406 -0.000638831 -0.000566645 -0.000522484 -0.000476056 -0.000427415 -0.000389264 -0.0003718 -0.000385015 -0.000400149 -0.000402725 -0.000387107 -0.000348184 -0.000296563 
-0.000233266 -0.000316786 -0.000433359 -0.000554041 -0.000666141 -0.000753457 -0.000813034 -0.000837157 -0.0007882 -0.000733987 -0.000659927 -0.000506678 -0.000382906 -0.000301834 -0.000240114 -0.00018671 -0.000141696 -0.000136217 -0.000156662 -0.000182536 -0.000194228 -0.000185934 -0.00016525 -0.000136607 
-0.00027916 -0.000385619 -0.000488714 -0.000622252 -0.000747313 -0.000855161 -0.000904671 -0.000859761 -0.000806116 -0.000705326 -0.000488226 -0.000276215 -0.000152277 -7.04188e-05 -2.79134e-05 8.89239e-06 1.3488e-05 -1.49602e-05 -4.8254e-05 -7.544e-05 -9.49616e-05 -0.00010372 -9.67987e-05 -7.90481e-05 
-0.000341401 -0.000444799 -0.000604281 -0.00073659 -0.000831041 -0.000892276 -0.000915062 -0.000854307 -0.0007512 -0.000577831 -0.000347669 -0.000173563 -7.13991e-05 2.33441e-08 3.60952e-06 2.70262e-06 -7.64507e-06 -3.02212e-05 -5.83769e-05 -8.55426e-05 -9.65621e-05 -9.69933e-05 -8.33779e-05 -6.58095e-05 
-0.00039696 -0.000562112 -0.000707071 -0.000834475 -0.000904855 -0.000896972 -0.000845614 -0.000760568 -0.000641154 -0.000419062 -0.00023303 -0.000108439 -3.83147e-05 -2.57378e-05 -2.30315e-05 -3.2289e-05 -3.94881e-05 -3.33974e-05 -4.16728e-05 -6.83302e-05 -8.1267e-05 -8.82876e-05 -8.87472e-05 -8.29023e-05 
-0.000463581 -0.000650592 -0.00080934 -0.000904074 -0.000866349 -0.000809294 -0.000731104 -0.000597331 -0.000372271 -0.000186245 -9.69062e-05 -4.10038e-05 1.21399e-05 4.8722e-05 7.31062e-05 5.3004e-05 1.76314e-05 -2.50264e-05 -7.04633e-05 -9.9223e-05 -0.000117264 -0.000118463 -0.000103945 -8.46082e-05 
-0.000553566 -0.00071878 -0.000843608 -0.000848975 -0.000792044 -0.000694526 -0.00049321 -0.000308832 -0.000138288 -6.08565e-05 -4.43761e-05 -2.84407e-05 1.68597e-05 7.41804e-05 9.4826e-05 7.33021e-05 1.88032e-05 -4.31411e-05 -7.46783e-05 -5.83751e-05 -6.43958e-05 -6.58642e-05 -5.98274e-05 -4.59273e-05 
-0.000600597 -0.000711062 -0.000745109 -0.000730739 -0.000630013 -0.000422259 -0.000221856 -0.000105738 -8.78214e-05 -5.84165e-05 -4.06034e-05 -2.80228e-05 5.57063e-06 4.94814e-05 7.52703e-05 4.77749e-05 -1.52249e-05 -4.69893e-05 -2.38566e-05 2.77062e-06 3.00338e-05 5.37979e-05 4.92771e-05 4.1939e-05 
-0.000543833 -0.000602344 -0.000617802 -0.000554244 -0.000411382 -0.000188685 -8.80316e-05 -8.24142e-05 -8.79663e-05 -6.027e-05 -3.79391e-05 -1.8744e-05 2.15015e-06 1.59005e-05 -1.71749e-06 -3.02203e-05 -4.78434e-05 -2.83871e-05 -5.73294e-06 2.37117e-05 2.25646e-05 -3.16806e-06 -1.34207e-05 -3.26989e-05 
-0.00044909 -0.000501509 -0.000511082 -0.000419773 -0.000267151 -0.000128145 -9.54831e-05 -9.6386e-05 -8.58815e-05 -6.02858e-05 -4.41551e-05 -3.12609e-05 -1.25174e-05 -1.06996e-05 -2.11742e-05 -1.13871e-05 -8.35067e-06 -1.54799e-05 -7.7315e-06 -1.31192e-05 -3.20017e-05 -4.03903e-05 -1.58026e-05 9.0639e-06 
-0.000394851 -0.000429571 -0.000421451 -0.000304708 -0.000181146 -0.000121851 -0.000100509 -9.34584e-05 -7.54374e-05 -5.33341e-05 -3.80664e-05 -3.09861e-05 -3.21483e-05 -3.68202e-05 -4.94982e-05 -2.62753e-06 5.98339e-06 -3.89231e-06 1.71358e-06 -3.26925e-05 -4.85342e-05 1.90579e-05 4.80065e-05 6.52664e-05 
-0.000332673 -0.000339634 -0.000301052 -0.000207425 -0.00016931 -0.000155607 -0.000133049 -0.000111858 -9.59722e-05 -8.64557e-05 -7.67745e-05 -6.05572e-05 -5.11346e-05 -6.17414e-05 -5.47856e-05 -2.13065e-05 1.02088e-06 1.31587e-05 1.15539e-05 -6.69066e-05 -6.14675e-06 5.51946e-05 3.78589e-05 -7.78707e-06 
-0.00024608 -0.000245201 -0.000207524 -0.000182981 -0.00017406 -0.000161848 -0.000144958 -0.000123493 -0.000108859 -0.00010519 -9.97778e-05 -8.12611e-05 -6.69826e-05 -6.41472e-05 -4.28641e-05 -2.46337e-05 -5.91771e-07 2.78529e-05 -6.6674e-06 2.166e-05 7.63293e-05 3.74916e-05 -3.27326e-05 -0.000104574 
-0.000127089 -0.000150393 -0.000172602 -0.000166155 -0.000149094 -0.000149696 -0.000139618 -0.00013024 -0.000116114 -0.000108426 -9.98496e-05 -8.51199e-05 -7.73369e-05 -6.66118e-05 -4.201e-05 -2.08935e-05 4.29004e-07 -9.04495e-07 9.68142e-06 3.39542e-05 2.68545e-05 -4.0888e-05 -9.78631e-05 -0.000132648 
-0.000104313 -0.000126696 -0.000138632 -0.000133383 -0.000125917 -0.000128268 -0.000125102 -0.000121908 -0.000111435 -0.000101217 -9.62275e-05 -8.5737e-05 -7.32422e-05 -6.53572e-05 -5.14365e-05 -2.47534e-05 -4.55031e-06 2.98689e-05 1.94409e-07 -4.35919e-05 -0.000103221 -0.000133784 -0.000155532 -0.000144554 
-6.96743e-05 -0.000104994 -0.000115818 -0.000109364 -9.41389e-05 -8.2186e-05 -7.76002e-05 -7.56484e-05 -6.57513e-05 -5.4749e-05 -4.50385e-05 -3.65896e-05 -2.32779e-05 -1.12342e-05 2.04315e-05 4.95341e-05 7.74098e-05 4.57938e-05 -5.90485e-05 -0.000139242 -0.000221792 -0.000301846 -0.0003055 -0.000251483 
-1.74764e-05 -2.20576e-05 -2.64027e-05 -1.61365e-05 1.52878e-05 3.6762e-05 3.92419e-05 3.72658e-05 4.63762e-05 6.22503e-05 7.14371e-05 7.75981e-05 8.54438e-05 0.000102931 0.000128531 0.000147606 0.000128667 2.40456e-05 -6.74893e-05 -0.00017183 -0.000297762 -0.000359064 -0.000361956 -0.000263938 
0.000140199 0.000141164 0.000139148 0.000159914 0.00016196 0.000157408 0.000136498 0.000119081 0.000122927 0.000120463 0.000114605 0.00010666 0.000106767 0.000114743 0.00014206 0.000163074 0.000125435 4.97265e-05 -2.43838e-05 -0.000134269 -0.000256575 -0.000294613 -0.000286509 -0.000214803 
0.000130194 0.000155435 0.000178167 0.000185443 0.000142102 0.000102448 9.6819e-05 9.67386e-05 0.000101442 0.000106368 0.000115 0.000112242 0.000117808 0.000121646 0.000149533 0.00018279 0.00013069 9.81635e-05 1.69097e-05 -7.21532e-05 -0.000131812 -0.00016571 -0.000172134 -0.000136436 
8.91797e-05 0.000110844 0.000138399 0.00014016 0.000103968 6.63069e-05 6.55811e-05 6.55625e-05 6.16316e-05 4.7835e-05 6.03651e-05 8.90338e-05 0.00011491 0.000120284 0.000142884 0.00016824 0.000163766 8.03173e-05 -1.89839e-05 -9.31838e-05 -0.000118717 -0.000113104 -9.47902e-05 -6.88748e-05 
4.55997e-05 8.03813e-05 9.09367e-05 5.71721e-05 2.19586e-06 -3.45734e-05 -3.81102e-05 -4.86725e-05 -5.95196e-05 -6.91808e-05 -2.62323e-05 3.86897e-05 8.22012e-05 8.88145e-05 9.2214e-05 9.60423e-05 4.07665e-05 -7.3018e-05 -0.000159721 -0.000149394 -0.000116509 -8.79599e-05 -6.3466e-05 -4.7881e-05 
-5.29786e-05 -1.07568e-05 2.38963e-06 -3.91512e-05 -9.26569e-05 -0.000145117 -0.000148843 -0.000145441 -0.000144566 -0.000102466 -2.58308e-05 3.53634e-05 7.28958e-05 7.84076e-05 8.63391e-05 3.80837e-05 -4.89924e-05 -0.000132315 -0.000158234 -0.000139947 -0.000112241 -9.78289e-05 -9.28507e-05 -7.83185e-05 
-5.62112e-05 -5.59296e-05 -9.30704e-05 -0.000149692 -0.000205183 -0.000227156 -0.000232261 -0.000232378 -0.000225206 -0.000193399 -0.000143353 -8.51617e-05 -4.61503e-05 -4.46581e-05 -5.30082e-05 -6.90551e-05 -7.35889e-05 -8.64946e-05 -9.96909e-05 -0.000100114 -8.51021e-05 -7.17136e-05 -6.36202e-05 -4.78756e-05 
