1.74152e-05 1.95813e-05 2.25467e-05 3.80254e-05 7.80185e-05 7.19096e-05 3.10343e-05 -1.6196e-05 -2.52819e-05 -2.44552e-05 -2.37814e-05 -1.76844e-05 -1.30193e-05 -1.54173e-05 -1.68791e-05 -1.84726e-05 -2.16291e-05 -1.64956e-05 -8.76522e-06 -1.01511e-05 -1.26319e-05 -1.0211e-05 -7.27957e-06 -4.26315e-06 
3.8432e-06 4.36692e-06 1.43453e-05 3.29549e-05 6.92904e-05 9.84657e-05 9.57537e-05 0.000115668 0.000149406 0.000180335 0.000216451 0.000252864 0.00024591 0.000194371 0.000129363 6.79376e-05 3.43506e-06 -2.01556e-05 -1.88891e-05 -1.19074e-05 -5.71991e-06 4.85317e-06 8.87956e-06 1.08618e-05 
2.10645e-05 2.88276e-05 3.35644e-05 2.03925e-05 1.80108e-05 6.24417e-05 0.000119025 0.000168894 0.000224352 0.000272934 0.000350126 0.000448263 0.000473719 0.000429113 0.000351644 0.000274506 0.000178804 9.11008e-05 4.37164e-06 -2.88292e-05 -2.37012e-05 -2.2133e-05 -1.71495e-05 -1.34765e-05 
-6.18343e-07 5.96218e-06 1.33249e-05 2.07994e-06 2.52914e-06 3.84669e-05 8.05032e-05 0.00015793 0.000237945 0.000318224 0.000395468 0.000497255 0.000563622 0.000595569 0.000574453 0.000501168 0.000406347 0.000262776 0.00013931 3.54924e-06 -3.05608e-05 -1.05834e-05 -1.11981e-06 4.94717e-06 
-1.95241e-05 -1.13417e-05 -1.01779e-05 -7.79946e-06 4.6887e-06 4.06723e-05 0.000106359 0.000193477 0.000295724 0.000419519 0.000550479 0.000682809 0.000790034 0.000833033 0.000816894 0.000735276 0.00057879 0.000434778 0.000294352 0.000173451 0.000101091 8.27917e-05 7.95498e-05 8.078e-05 
-5.31981e-05 -4.83456e-05 -3.58548e-05 -7.2434e-06 1.5762e-05 7.78641e-05 0.000171141 0.000279482 0.000380294 0.000520675 0.000645845 0.000786953 0.000883151 0.000963867 0.000972537 0.000890605 0.00069367 0.000526881 0.000376206 0.000249192 0.000172604 9.88729e-05 6.38236e-05 5.38754e-05 
-5.39816e-05 -5.04656e-05 -4.06042e-05 -1.6052e-05 3.63626e-05 0.000133239 0.000249279 0.000348298 0.000406283 0.000496785 0.000584607 0.000728819 0.00086264 0.000907497 0.000930857 0.000938253 0.000848879 0.000704869 0.000570353 0.000385349 0.00023657 0.000116268 3.59194e-05 -1.54985e-06 
-1.66849e-05 -1.1844e-05 -1.11254e-05 4.77047e-06 4.64853e-05 0.000131511 0.000255825 0.000329865 0.000351292 0.000369381 0.000417455 0.000574097 0.000711352 0.000772104 0.000818367 0.000950241 0.000952518 0.000938117 0.000861111 0.000698474 0.000557205 0.00038211 0.000237701 0.00014304 
1.13318e-05 2.50636e-05 3.94232e-05 5.44724e-05 8.48907e-05 0.000148455 0.000242176 0.000309634 0.000333716 0.000392346 0.000429309 0.000497823 0.000623737 0.000685675 0.000770029 0.000881406 0.000956185 0.00102971 0.00102544 0.000927816 0.000805595 0.000667793 0.000521705 0.000390129 
7.19089e-05 9.69426e-05 0.000124287 0.000164351 0.000227342 0.000274803 0.000341409 0.000429644 0.000441466 0.000524648 0.000605618 0.000680639 0.000781921 0.000857899 0.000910428 0.00100414 0.00112227 0.00122586 0.00125729 0.00118972 0.00104288 0.000888159 0.000700801 0.000507023 
8.41965e-05 0.000127065 0.000150691 0.000191557 0.000232274 0.000252522 0.000309121 0.00040282 0.000484379 0.000553441 0.000710303 0.000825808 0.000952676 0.00101535 0.00105832 0.00114554 0.00122511 0.00130494 0.00137735 0.00137744 0.00129928 0.00114601 0.00094549 0.000707143 
4.91846e-05 7.42966e-05 9.18225e-05 0.000121631 0.000166127 0.000204592 0.000291499 0.000385952 0.000498075 0.000667996 0.000835134 0.000953971 0.00107217 0.00113147 0.00116673 0.00122323 0.00128521 0.00137425 0.00143604 0.00144564 0.00141138 0.00130462 0.00110538 0.00085656 
2.51121e-05 4.46786e-05 4.90775e-05 9.07726e-05 0.0001531 0.000256044 0.000426068 0.000608229 0.000730383 0.000932047 0.00111988 0.00124731 0.00130128 0.00130065 0.00129724 0.00130103 0.00131272 0.00138752 0.00147598 0.00149775 0.00145532 0.00133599 0.00114458 0.000914571 
2.45399e-05 4.76798e-05 4.90292e-05 5.42703e-05 0.000153183 0.000340167 0.000603976 0.000855416 0.00102493 0.00121481 0.00134013 0.00135012 0.00134911 0.0013404 0.0013229 0.00131653 0.00132391 0.0013639 0.00140408 0.00140398 0.00136186 0.001248 0.00106636 0.000860213 
3.15797e-05 1.28531e-05 -6.11605e-06 5.34374e-05 0.000245989 0.000473052 0.000706787 0.000915685 0.0010683 0.00125863 0.00136913 0.00136957 0.00137247 0.00135531 0.00133391 0.00131395 0.00130363 0.00131832 0.00132783 0.00131967 0.00127406 0.001156 0.000982187 0.000794962 
-1.29573e-05 1.29469e-06 8.36401e-05 0.000244047 0.000457757 0.000644551 0.000853617 0.00107253 0.00126496 0.00144067 0.00147322 0.00144441 0.00136063 0.0012834 0.00123087 0.00120162 0.00118689 0.00119396 0.00120565 0.00119847 0.0011546 0.00104261 0.000878401 0.000704965 
-2.28834e-07 6.88223e-05 0.000207591 0.000395423 0.000609383 0.000839329 0.00107262 0.00130733 0.00150387 0.0015566 0.00152844 0.00142537 0.00127834 0.001179 0.00112489 0.00108235 0.00103459 0.00100164 0.00098534 0.000958339 0.000906768 0.000810611 0.000677079 0.000540799 
4.25825e-05 0.000161329 0.000327903 0.000523154 0.000762834 0.0010189 0.00127062 0.00148042 0.00153577 0.00152422 0.00147003 0.00130164 0.0011445 0.00104266 0.000973478 0.000895074 0.000810409 0.000745468 0.000718703 0.000706202 0.000676922 0.000614671 0.000520513 0.00042232 
9.4686e-05 0.000243387 0.00043493 0.000643162 0.000896433 0.0011834 0.00140282 0.00146442 0.00141836 0.00139821 0.00127095 0.00106314 0.000900112 0.000789409 0.000702722 0.000608769 0.000517331 0.000451173 0.000422991 0.00041067 0.000394144 0.000355369 0.000296905 0.000237396 
0.000207272 0.000409695 0.00060294 0.000844619 0.00112033 0.00131589 0.00140645 0.00135331 0.00130786 0.00118595 0.0010008 0.000788666 0.000633792 0.000537453 0.000447328 0.000329413 0.000220348 0.000154522 0.000126264 0.00012373 0.000124808 0.000110163 9.11141e-05 7.67065e-05 
0.000395576 0.000597648 0.00083175 0.00104503 0.00120515 0.00129736 0.00126738 0.00122752 0.00109884 0.000957821 0.000754931 0.00055594 0.000392852 0.000263395 0.000194813 0.000141901 9.45034e-05 6.78648e-05 5.69385e-05 6.59196e-05 7.02413e-05 6.83749e-05 6.56705e-05 6.04107e-05 
0.00051002 0.000737352 0.000937312 0.00107758 0.00116129 0.00113945 0.00108222 0.000991139 0.000844675 0.00068649 0.000504934 0.000315125 0.000221418 0.00016029 0.000129609 0.000118034 0.000107143 0.000110448 0.000124479 0.000134365 0.000135635 0.000129771 0.000115455 9.40886e-05 
0.000560018 0.00078057 0.000931941 0.00102718 0.00104593 0.000959964 0.000870298 0.000697634 0.000521844 0.000405729 0.000288356 0.00022412 0.000190424 0.000161893 0.000166327 0.000164395 0.000148228 0.000124397 0.000107946 8.17436e-05 6.29201e-05 5.32866e-05 4.42507e-05 3.68969e-05 
0.000625011 0.000813852 0.000933603 0.000983595 0.000965712 0.000859258 0.000593254 0.000400467 0.000291565 0.000258437 0.000209591 0.000179463 0.000164896 0.000174288 0.000177773 0.000175389 0.000153149 0.000118389 0.00010188 9.67768e-05 7.9978e-05 6.28921e-05 5.21582e-05 4.2129e-05 
0.000705474 0.000839052 0.000911311 0.00094179 0.000885292 0.000617354 0.000389497 0.000257295 0.000228985 0.000197133 0.000164308 0.000151253 0.000147201 0.000161906 0.000168211 0.000153528 0.00011747 0.000116662 0.000122133 0.000115046 9.21618e-05 6.29113e-05 3.37573e-05 5.58105e-06 
0.000691553 0.000796948 0.000859225 0.000859929 0.00067761 0.000429515 0.000259939 0.000212233 0.000172566 0.00014842 0.000123031 0.000112195 0.000117559 0.000129529 0.000136594 0.000120087 0.000142446 0.000149177 0.000147755 0.000121692 6.74392e-05 -3.77475e-06 -4.43307e-05 -4.87788e-05 
0.000603079 0.00068417 0.000716342 0.000636819 0.000445561 0.000246685 0.00019809 0.000161641 0.000133383 0.000115628 0.00010277 0.000102204 0.000118394 0.000132287 0.000127229 0.000143422 0.000154518 0.000153829 0.000137168 7.66619e-05 1.0207e-05 1.26612e-05 1.94673e-05 1.31676e-05 
0.000538615 0.000588072 0.000564897 0.000445098 0.000284383 0.000205657 0.000170573 0.000135952 0.000109442 0.000110303 0.000114856 0.000115764 0.000126986 0.000141884 0.000143828 0.00013595 0.000135685 0.000125929 8.57577e-05 3.44075e-05 5.09428e-05 8.86725e-05 0.00011894 0.000118895 
0.00044467 0.000447752 0.000405762 0.000309124 0.000206782 0.000151103 0.000131861 9.64331e-05 8.00129e-05 7.99817e-05 8.4921e-05 8.92309e-05 9.77365e-05 0.000116391 0.000131885 0.000119436 0.000100123 8.33779e-05 5.48117e-05 5.48751e-05 0.000106945 0.000175046 0.000185231 0.000187563 
0.000279392 0.000278678 0.000260549 0.000194849 0.000150588 0.000124859 9.80709e-05 7.45399e-05 7.02858e-05 7.09253e-05 6.89083e-05 7.10315e-05 6.99582e-05 8.83067e-05 0.00010476 9.87721e-05 8.70511e-05 8.65435e-05 9.31741e-05 0.000126001 0.000213399 0.000230063 0.000198743 0.000210894 
0.000136004 0.000133372 0.000138579 0.000132582 0.000117782 0.000100815 8.51474e-05 7.18191e-05 6.46054e-05 6.08959e-05 5.77375e-05 5.88903e-05 4.99548e-05 6.42924e-05 7.93027e-05 7.70695e-05 8.68175e-05 0.000121751 0.000145129 0.000195172 0.000256113 0.000257953 0.000245316 0.000221181 
4.18396e-05 6.411e-05 8.25293e-05 9.28512e-05 9.76371e-05 8.3523e-05 7.83077e-05 7.13429e-05 5.9084e-05 4.87193e-05 4.50631e-05 4.46866e-05 4.2102e-05 5.01241e-05 5.99608e-05 6.65522e-05 9.76699e-05 0.000145002 0.000172152 0.000223593 0.000260121 0.000282931 0.000271585 0.00023599 
2.79942e-05 4.64917e-05 6.33772e-05 7.06817e-05 6.7878e-05 6.77992e-05 6.9812e-05 6.53393e-05 5.16287e-05 3.64356e-05 2.88088e-05 2.24423e-05 2.34685e-05 3.40771e-05 4.63332e-05 6.43915e-05 0.000107143 0.000144881 0.000148794 0.000185917 0.000222716 0.000190981 0.0001549 0.000126753 
3.39112e-05 3.99466e-05 4.62916e-05 5.1817e-05 4.47087e-05 3.32122e-05 2.56684e-05 1.90011e-05 1.2874e-05 7.27065e-06 -5.48091e-06 -8.34826e-06 8.60478e-08 8.33645e-06 1.33909e-05 3.6834e-05 6.38878e-05 7.5446e-05 0.000119143 0.000175008 0.000198854 0.000158853 0.000112342 8.201e-05 
2.3892e-06 1.16055e-05 1.63949e-05 1.38126e-05 -2.81659e-06 -1.81822e-05 -2.58967e-05 -3.07793e-05 -3.29975e-05 -3.48213e-05 -3.4092e-05 -3.75737e-05 -3.09785e-05 -1.33123e-05 6.37665e-06 1.08702e-05 1.95871e-05 5.29438e-05 0.000131812 0.000179993 0.000164519 0.000116995 6.53135e-05 3.77727e-05 
-2.7919e-05 -1.59763e-05 -1.66327e-05 -1.94621e-05 -2.76433e-05 -2.99186e-05 -2.49876e-05 -2.52099e-05 -2.43481e-05 -1.13188e-05 4.83574e-06 3.37028e-06 -1.07882e-05 -7.77225e-06 3.68569e-06 1.65356e-05 2.20165e-05 8.39824e-05 0.000164944 0.000166795 0.000132618 7.44151e-05 4.68574e-05 3.54953e-05 
5.49471e-05 7.76253e-05 9.16679e-05 0.00011251 0.000131223 0.00014385 0.000144181 0.000140163 0.00013445 0.000129762 0.000125389 9.3181e-05 6.41889e-05 6.26285e-05 7.87856e-05 9.70449e-05 0.000130263 0.000214433 0.000256379 0.000243044 0.000179509 0.000132177 0.000101923 8.18306e-05 
0.000185892 0.000214671 0.000241268 0.000247066 0.000231579 0.00022666 0.000223849 0.000219115 0.000221049 0.000230709 0.000229422 0.000209768 0.000182259 0.000171403 0.000181714 0.000197391 0.000238636 0.000291755 0.000344938 0.000329839 0.000265167 0.000192438 0.000150286 0.000110732 
0.000212174 0.000244861 0.000264433 0.000252856 0.000218971 0.000186555 0.000176008 0.000171848 0.000176265 0.000199605 0.000226263 0.000220014 0.000208044 0.000201601 0.000214888 0.00020359 0.000236645 0.000269758 0.000306774 0.000285851 0.000211874 0.00013608 9.98493e-05 6.92807e-05 
0.000196943 0.000240203 0.000258877 0.000243836 0.000194642 0.000153115 0.0001398 0.000136137 0.000140609 0.00015755 0.000179019 0.000187342 0.000176737 0.000166147 0.000179389 0.00018261 0.000182557 0.000205638 0.000228625 0.000215394 0.00016191 0.000110986 8.70127e-05 6.4263e-05 
