2.13665e-05 2.23195e-05 3.0298e-05 4.03996e-05 4.67644e-05 4.68085e-05 4.86236e-05 2.45613e-05 2.57007e-06 -7.09229e-06 -3.04076e-05 -4.66473e-05 -5.73399e-05 -6.66024e-05 -6.92904e-05 -6.56914e-05 -5.72803e-05 -3.91603e-05 -2.51078e-05 -1.29794e-05 -5.09777e-06 -4.15712e-06 -4.04155e-06 -3.32514e-06 
6.28694e-05 6.86771e-05 7.78041e-05 8.32529e-05 8.13017e-05 0.000104239 0.000123268 0.000146069 0.000160111 0.000146616 0.000101668 4.82008e-05 -1.66115e-05 -5.65302e-05 -6.51576e-05 -6.71847e-05 -5.50655e-05 -5.40571e-05 -5.30189e-05 -4.51163e-05 -3.32659e-05 -2.91697e-05 -3.16256e-05 -3.10101e-05 
4.69602e-05 5.33289e-05 5.1366e-05 5.51917e-05 6.3169e-05 9.53023e-05 0.000123776 0.000178364 0.000255468 0.000317147 0.000317031 0.000282901 0.000219003 0.000153825 9.91777e-05 4.3392e-05 5.35908e-06 -8.57692e-06 -7.01152e-06 -2.13939e-05 3.48968e-06 4.06786e-05 4.69304e-05 4.75516e-05 
-1.5897e-05 -1.69409e-05 -8.20384e-06 -4.43841e-06 2.55938e-05 8.6542e-05 0.000116932 0.000137304 0.000197419 0.000291367 0.000349768 0.000352109 0.000340432 0.000339944 0.00031409 0.000214255 0.000144533 6.37443e-05 7.77657e-06 3.30155e-06 4.06991e-07 7.02407e-06 2.42112e-05 2.69697e-05 
-5.93896e-06 -2.30196e-06 3.28541e-07 1.80399e-05 7.48443e-05 0.0001413 0.000180938 0.000206656 0.000305765 0.000428247 0.00052553 0.000573937 0.000602461 0.000604602 0.000554629 0.00039449 0.000272353 0.000202105 0.000103776 3.5309e-05 3.53019e-05 4.89781e-05 7.66796e-05 8.53521e-05 
1.01375e-05 1.88372e-05 3.36944e-05 6.66753e-05 0.00010595 0.000170722 0.000241123 0.000344727 0.000461215 0.00058807 0.000661123 0.000668342 0.000668146 0.00070814 0.00071426 0.000607599 0.000402146 0.000301964 0.000260653 0.000180845 0.000149876 0.000123443 8.37392e-05 9.03375e-05 
2.63136e-05 3.53118e-05 4.46662e-05 7.93566e-05 0.000144906 0.000212468 0.000264964 0.000352202 0.000386948 0.000469157 0.000507001 0.000562621 0.000671721 0.000787785 0.000855004 0.000751705 0.000516272 0.000435784 0.000383326 0.000333599 0.000242892 0.000166262 0.00010298 7.19422e-05 
2.1707e-05 2.97489e-05 4.22901e-05 9.18881e-05 0.000138345 0.000194871 0.000269341 0.000333415 0.000342107 0.000384931 0.000424782 0.000475638 0.000604882 0.000761675 0.000922174 0.000849841 0.000612469 0.00055258 0.000530835 0.00049369 0.000435433 0.000313816 0.00018958 0.000102998 
1.3147e-05 2.24781e-05 2.91125e-05 5.64352e-05 5.9913e-05 5.77293e-05 9.87048e-05 0.000162344 0.00025093 0.000348316 0.000430171 0.000540566 0.000726768 0.000897979 0.00103922 0.000978236 0.000794216 0.00067008 0.000622718 0.000603051 0.000530863 0.000424253 0.000331405 0.000225221 
5.48032e-05 6.76563e-05 8.23196e-05 8.10044e-05 8.47405e-05 9.55372e-05 8.87096e-05 0.000100394 0.00020914 0.000371949 0.000532384 0.000715308 0.000884762 0.00104307 0.00115142 0.00114438 0.00106841 0.00100227 0.000942127 0.000819006 0.000716665 0.00059267 0.00043508 0.000290146 
5.83139e-05 6.97061e-05 8.57934e-05 0.000105825 0.0001152 0.000124486 0.000111404 0.000113442 0.000231847 0.000436038 0.000630673 0.000781021 0.000932626 0.00107419 0.00116525 0.00122572 0.00119766 0.00120128 0.00118135 0.00104156 0.000850535 0.000711734 0.000557845 0.000395395 
5.09698e-05 6.25105e-05 7.52618e-05 0.000118332 0.000152932 0.000146618 0.000114202 0.000104748 0.000202319 0.00040111 0.000587912 0.00074085 0.00088306 0.00103147 0.00115734 0.00122334 0.00123136 0.00125558 0.001252 0.00117948 0.00105414 0.000892652 0.000702613 0.00050077 
6.72939e-05 8.85946e-05 9.45689e-05 9.28855e-05 8.09033e-05 5.8977e-05 -7.13177e-07 5.44255e-05 0.000223562 0.000426103 0.000622859 0.000828896 0.000967085 0.0010912 0.00119648 0.00120778 0.00117817 0.00119346 0.00118823 0.00113708 0.00105391 0.000935637 0.00076959 0.000583056 
7.58082e-05 9.43164e-05 4.13881e-05 8.56766e-06 6.12202e-06 -1.26582e-05 3.68992e-06 9.02926e-05 0.000270104 0.000482739 0.000707906 0.000909685 0.00105381 0.00114295 0.00117897 0.0011827 0.00116862 0.00117296 0.00112543 0.00105049 0.00096479 0.000850797 0.000708423 0.000557207 
3.95013e-05 -1.7515e-05 -4.5005e-05 -3.41053e-05 -5.9271e-06 7.75067e-05 0.000160174 0.00029103 0.000499924 0.000717274 0.000919151 0.00106327 0.00111005 0.0011304 0.00115368 0.00116614 0.00114148 0.00109947 0.00103381 0.000969982 0.000890512 0.000782739 0.000643917 0.000501151 
-7.86938e-05 -9.33091e-05 -9.19363e-05 -3.31739e-05 0.000111468 0.000283104 0.000427807 0.000561104 0.000772489 0.000991601 0.00110951 0.00110232 0.00105329 0.00100982 0.000953148 0.000918872 0.000891282 0.00086942 0.000831716 0.000777188 0.000710853 0.000611803 0.000493753 0.000385196 
-7.10585e-05 -6.49391e-05 1.58136e-06 0.000156807 0.000333429 0.000481216 0.00059568 0.000796015 0.00101106 0.00111242 0.00110235 0.000966791 0.000810079 0.000707135 0.000637556 0.000590937 0.000551068 0.000520236 0.000490489 0.000446978 0.000396185 0.000334674 0.000278965 0.00023026 
1.67497e-05 8.15819e-05 0.000221166 0.0003822 0.000531959 0.000673173 0.000887178 0.00107789 0.00117329 0.00113557 0.000981111 0.000747951 0.000579375 0.000453598 0.000368914 0.000308877 0.00025567 0.000219491 0.000209534 0.000204851 0.000194053 0.000166146 0.000144754 0.000122235 
0.000110011 0.000250219 0.000395586 0.000519564 0.000695832 0.00088868 0.00107929 0.00119097 0.00115306 0.0010031 0.000730181 0.000484401 0.00030554 0.000202315 0.000121424 7.12685e-05 2.97249e-05 2.97329e-06 -1.20358e-05 -1.9341e-05 -1.46887e-05 -3.74201e-06 1.17914e-05 2.12882e-05 
0.000218216 0.000387825 0.000506851 0.000674015 0.000864699 0.00108356 0.00121399 0.00123562 0.00104584 0.000781093 0.00044128 0.000189809 0.000134085 0.00012077 9.41641e-05 4.75474e-05 1.37774e-06 -3.25405e-05 -4.97945e-05 -6.4688e-05 -8.04265e-05 -7.98553e-05 -6.84951e-05 -5.58983e-05 
0.000296186 0.000453726 0.000647414 0.00084401 0.0010411 0.00119479 0.0012634 0.00114646 0.000871148 0.00050367 0.000222612 0.000139363 0.000110412 9.18422e-05 3.41232e-05 -4.02288e-05 -0.00011567 -0.000151938 -0.000153776 -0.000144321 -0.00011747 -9.42936e-05 -6.82376e-05 -5.4157e-05 
0.000356067 0.000580943 0.000805343 0.000983017 0.00111441 0.00117481 0.00112642 0.000883369 0.000519032 0.000254039 0.000130205 0.000101266 0.000121797 6.99178e-05 -1.02571e-05 -8.43685e-05 -0.000156245 -0.000180797 -0.000168852 -0.000164809 -0.000150921 -0.000134575 -0.000105414 -7.87287e-05 
0.00053233 0.000759402 0.000929523 0.00103784 0.00106549 0.0010503 0.000827584 0.000477196 0.00019019 0.000103925 6.33588e-05 7.06844e-05 7.40953e-05 3.68784e-05 -2.78466e-06 -6.30257e-05 -0.000138281 -0.000180278 -0.000209209 -0.00020585 -0.000189441 -0.000170525 -0.000134363 -0.000102643 
0.000606747 0.000795337 0.000912687 0.000974359 0.00100085 0.000839306 0.000449207 9.63616e-05 -5.78021e-06 -1.16895e-05 -1.12052e-05 -1.40913e-05 -8.4421e-06 -1.17802e-05 -2.9154e-05 -9.48843e-05 -0.000171672 -0.000210102 -0.000215812 -0.000227319 -0.000219524 -0.0001882 -0.000151398 -0.000118665 
0.000603632 0.000757166 0.000835338 0.00090669 0.000865064 0.000526313 0.000119554 -1.71486e-05 -8.5231e-05 -7.99998e-05 -6.17524e-05 -5.58718e-05 -3.50402e-05 -3.41792e-05 -6.57097e-05 -0.000108534 -0.000167407 -0.000196281 -0.00024239 -0.000242361 -0.000209959 -0.000179074 -0.000138681 -0.000100561 
0.000591929 0.000691031 0.000772125 0.000778605 0.000577755 0.000243067 4.85704e-05 -6.17172e-05 -8.35965e-05 -5.96016e-05 -4.8044e-05 -3.75552e-05 -2.36859e-05 -4.02593e-05 -9.59062e-05 -0.000138999 -0.000183151 -0.000213437 -0.000219396 -0.000188972 -0.000152271 -0.000137841 -0.000116413 -0.000108399 
0.000559178 0.000645055 0.00067745 0.000561738 0.000290601 8.56385e-05 -3.51889e-05 -6.71142e-05 -5.11722e-05 -2.21754e-05 -3.98828e-06 -7.65012e-07 -1.4313e-05 -4.88386e-05 -0.000100175 -0.000152234 -0.000208246 -0.00022614 -0.000197625 -0.000146401 -0.000124336 -8.48038e-05 -6.35236e-05 -5.1927e-05 
0.000485799 0.000516967 0.000469229 0.000304887 0.000111629 -1.3032e-05 -3.31503e-05 -3.71101e-05 -2.81194e-05 -5.85988e-06 1.15992e-05 5.56852e-06 -2.95175e-05 -8.02765e-05 -0.000121615 -0.000188769 -0.00022759 -0.000234233 -0.000173465 -0.000137663 -1.45705e-05 8.63519e-05 0.000112139 0.000115773 
0.000334502 0.00029968 0.000260995 0.000155052 -3.07572e-07 -7.67082e-05 -4.9399e-05 -3.43765e-05 -3.46134e-05 -3.00386e-05 -2.29092e-05 -2.62623e-05 -5.42579e-05 -0.000107868 -0.000157434 -0.000224431 -0.000244538 -0.000205322 -0.000145856 -4.80167e-05 0.000105468 0.000163151 0.000173715 0.000200058 
0.000126438 0.000116599 8.53959e-05 7.15732e-06 -9.12974e-05 -9.46518e-05 -5.89719e-05 -4.01136e-05 -3.77125e-05 -4.7465e-05 -5.08992e-05 -4.83031e-05 -6.18268e-05 -0.000109864 -0.000160047 -0.000219146 -0.000208463 -0.000155516 -8.16638e-05 5.25086e-05 0.000139963 0.00018843 0.000201266 0.000211387 
-3.76462e-05 -7.08045e-05 -9.27761e-05 -0.000133953 -0.000135541 -0.00011177 -7.94606e-05 -6.19626e-05 -5.74799e-05 -6.40733e-05 -7.1001e-05 -6.31002e-05 -7.17594e-05 -0.000101078 -0.000131184 -0.000159483 -0.000126251 -5.49926e-05 1.45251e-05 0.000110579 0.000149394 0.000176156 0.000180534 0.000155712 
-0.000137474 -0.000167579 -0.000186871 -0.000172718 -0.000145125 -0.000127622 -0.000103927 -9.1289e-05 -9.57765e-05 -0.000101969 -0.000105038 -9.20938e-05 -8.54983e-05 -0.000101442 -0.000111834 -0.000108066 -4.72582e-05 2.5824e-05 8.08302e-05 8.6299e-05 0.000106947 0.000144922 0.000117777 7.86207e-05 
-0.000130463 -0.000173465 -0.000179044 -0.000165377 -0.000138758 -0.000119598 -0.00010718 -9.71319e-05 -0.000101727 -0.000110515 -0.000106532 -9.76685e-05 -9.17312e-05 -8.99478e-05 -8.34916e-05 -4.98817e-05 4.0015e-05 0.000103359 9.90207e-05 0.000133896 0.000165923 0.000152866 0.000118855 8.45857e-05 
-0.00012435 -0.000132253 -0.000132913 -0.000116972 -8.953e-05 -7.58285e-05 -7.37063e-05 -7.13087e-05 -7.19851e-05 -7.74415e-05 -7.89117e-05 -7.90632e-05 -7.46852e-05 -6.18902e-05 -4.17381e-05 4.09437e-06 7.78792e-05 7.70482e-05 0.000146971 0.000205193 0.000198825 0.000165765 0.000128653 0.000106443 
-5.64302e-05 -5.4948e-05 -5.58032e-05 -4.65118e-05 -3.15804e-05 -2.82213e-05 -3.4895e-05 -3.68893e-05 -3.38036e-05 -2.98077e-05 -3.01496e-05 -4.19774e-05 -4.68917e-05 -2.4385e-05 8.40966e-06 5.88335e-05 7.44711e-05 0.000137171 0.000258491 0.000278889 0.000264321 0.000229936 0.00020542 0.000169265 
-6.86094e-06 8.97381e-06 8.14452e-06 8.71377e-06 -9.27327e-06 -1.88968e-05 -8.63155e-06 6.38038e-07 1.71992e-05 4.36926e-05 6.93602e-05 5.54528e-05 4.57691e-05 5.59715e-05 8.76406e-05 0.000124794 0.000165386 0.000276606 0.000326356 0.000321252 0.000320837 0.000287677 0.000262163 0.000213986 
0.000102846 0.000106652 0.000125 0.000152227 0.000169078 0.000188671 0.000195688 0.000196436 0.000198158 0.00018219 0.000168211 0.000168166 0.000175951 0.000184989 0.000213618 0.000240236 0.000283545 0.000313442 0.000345752 0.000381013 0.000366507 0.000331101 0.000292247 0.000234902 
8.10138e-05 0.000103535 0.000116361 0.000120159 0.000119645 0.000140334 0.000156256 0.000158138 0.000152774 0.000142981 0.000147522 0.000165304 0.000169307 0.000169004 0.000181963 0.000209429 0.000225297 0.000268548 0.000349028 0.000386887 0.000372994 0.000339679 0.000296011 0.000234586 
8.70878e-05 0.000102885 0.000113092 0.000109866 9.60645e-05 0.000105737 0.000116 0.000121023 0.000115947 0.000116662 0.00014037 0.000165462 0.000170051 0.000160946 0.000185762 0.000218905 0.000253458 0.000294848 0.000336289 0.000345523 0.000329284 0.000295595 0.000235739 0.000170925 
9.51262e-05 0.000108291 0.000106059 9.81387e-05 9.3794e-05 0.000102163 0.000109001 0.000111575 0.000111143 9.24674e-05 8.40268e-05 9.38836e-05 9.6686e-05 0.000100786 0.000128394 0.000159754 0.00022075 0.000256711 0.000286824 0.000277926 0.000248991 0.000208546 0.000155945 0.000103369 
