-0.000100225 -0.000116838 -0.00012772 -0.000157256 -0.000181464 -0.00021375 -0.000217152 -0.000215892 -0.000252194 -0.00028999 -0.000330129 -0.000338172 -0.000315464 -0.000289833 -0.000250199 -0.000199162 -0.000151952 -0.000106309 -6.08095e-05 -3.84604e-05 -3.42699e-05 -3.34542e-05 -2.96353e-05 -2.54958e-05 
-0.000116558 -0.000135697 -0.00014928 -0.000186088 -0.00023971 -0.000279178 -0.000321506 -0.000325464 -0.000349833 -0.000411635 -0.00045207 -0.000464591 -0.000442974 -0.000394574 -0.000327092 -0.000264431 -0.000197293 -0.000138483 -0.000115922 -9.4467e-05 -8.65418e-05 -8.5916e-05 -7.98707e-05 -7.14647e-05 
-0.000130765 -0.000151624 -0.000179899 -0.000217383 -0.000290433 -0.000371068 -0.000423581 -0.000456855 -0.000494821 -0.000551066 -0.000633177 -0.000637227 -0.000592535 -0.000540648 -0.000489835 -0.000408201 -0.000305126 -0.000220968 -0.000141592 -0.000138811 -0.000142767 -0.000132156 -0.000127161 -0.000122773 
-0.000121519 -0.000138907 -0.000168845 -0.000222278 -0.00033473 -0.000443553 -0.000523282 -0.000615672 -0.000682011 -0.000732844 -0.000733653 -0.000712359 -0.000670751 -0.000597881 -0.000523694 -0.000495229 -0.000419247 -0.000315461 -0.000248129 -0.000202802 -0.000197978 -0.000197143 -0.000201292 -0.000186268 
-8.82658e-05 -0.000100558 -0.000125672 -0.000181264 -0.000275277 -0.00040145 -0.00049669 -0.00058415 -0.000654578 -0.000723341 -0.000743495 -0.0007329 -0.000724498 -0.000686508 -0.000606227 -0.000577227 -0.000499354 -0.000406384 -0.000368855 -0.000386693 -0.000407462 -0.000382461 -0.000356101 -0.000326115 
-7.0881e-05 -8.22277e-05 -0.000122594 -0.000202346 -0.000293905 -0.000385875 -0.000451531 -0.000486857 -0.000515865 -0.000540122 -0.000549829 -0.000585502 -0.000622146 -0.000598232 -0.000591374 -0.000587021 -0.000553592 -0.000481826 -0.000426567 -0.000456061 -0.000498719 -0.00048119 -0.000446486 -0.000415211 
-8.05122e-05 -9.94199e-05 -0.000155704 -0.000260413 -0.000359311 -0.000439328 -0.000513977 -0.000620864 -0.000710063 -0.000779815 -0.000788629 -0.000762563 -0.000695398 -0.000655934 -0.000658446 -0.000700527 -0.000673443 -0.000547091 -0.000491973 -0.000496176 -0.000558146 -0.00056369 -0.000503516 -0.000479975 
-7.87014e-05 -0.000100752 -0.000137422 -0.000208838 -0.000273987 -0.000360539 -0.000473862 -0.000607222 -0.000727216 -0.000765655 -0.000805363 -0.000843672 -0.000829524 -0.000809241 -0.000763086 -0.000812954 -0.000845812 -0.00073692 -0.00062148 -0.000565224 -0.000569363 -0.000583951 -0.000570511 -0.000524849 
-5.60698e-05 -6.66895e-05 -8.83441e-05 -0.000129391 -0.000188552 -0.000272007 -0.000394307 -0.000504074 -0.000632438 -0.000721977 -0.000798688 -0.000849459 -0.000895296 -0.000881662 -0.000823578 -0.000928508 -0.000973953 -0.000908685 -0.000849444 -0.00076204 -0.000698171 -0.000658027 -0.000577534 -0.000500202 
-4.6387e-05 -5.87624e-05 -7.51555e-05 -0.000113505 -0.000184498 -0.000301578 -0.000455804 -0.000613392 -0.000744236 -0.000865167 -0.000930123 -0.000957423 -0.000954193 -0.000946584 -0.000971181 -0.00107024 -0.00106697 -0.00104374 -0.00101523 -0.000990666 -0.000913357 -0.000818138 -0.000685781 -0.000554031 
-5.89348e-05 -8.13605e-05 -9.84177e-05 -0.000143139 -0.000240997 -0.000368093 -0.000508408 -0.000656482 -0.000789835 -0.00090428 -0.000994739 -0.00101466 -0.00103014 -0.00105698 -0.00109523 -0.0010741 -0.00101362 -0.000966928 -0.000969272 -0.000969193 -0.00095043 -0.000848955 -0.000712246 -0.00056537 
-5.82586e-05 -8.69784e-05 -0.000109003 -0.000135735 -0.000203778 -0.000302208 -0.000417909 -0.000555502 -0.000697385 -0.000821473 -0.000930346 -0.00100511 -0.00106801 -0.00106573 -0.00105083 -0.00100695 -0.000951711 -0.000893568 -0.000866711 -0.000843273 -0.000817338 -0.00074747 -0.000620903 -0.000496748 
-3.35116e-05 -6.31704e-05 -9.46123e-05 -0.000146261 -0.000232325 -0.000362281 -0.000498222 -0.000637201 -0.000765612 -0.000893407 -0.000995933 -0.001024 -0.00101621 -0.00100288 -0.000973496 -0.000952314 -0.000919246 -0.00091554 -0.000901229 -0.000877026 -0.000831264 -0.000741923 -0.00061629 -0.000483021 
-2.8567e-05 -5.85892e-05 -0.000110307 -0.000191298 -0.000325544 -0.000528339 -0.000685327 -0.000832039 -0.00095373 -0.00105954 -0.00109668 -0.00101259 -0.000921823 -0.000883067 -0.000876105 -0.000869745 -0.000854823 -0.00085584 -0.000858428 -0.000857499 -0.000836408 -0.000771917 -0.000665217 -0.000542561 
-4.46311e-05 -0.000114582 -0.000183612 -0.000282264 -0.000435339 -0.000588164 -0.000709877 -0.000817204 -0.000906119 -0.00101043 -0.000994531 -0.000877543 -0.000816836 -0.000797544 -0.000793089 -0.000782593 -0.000777217 -0.000785867 -0.000794021 -0.000806948 -0.000812786 -0.000768451 -0.000673838 -0.000557947 
-0.000127365 -0.000203753 -0.000290725 -0.000382521 -0.000490052 -0.000587563 -0.000680603 -0.000791971 -0.00088486 -0.000893423 -0.00080563 -0.000740596 -0.000704507 -0.000691722 -0.000702615 -0.000700766 -0.00069223 -0.000691306 -0.000716862 -0.000742894 -0.000749427 -0.000709268 -0.000623227 -0.000517476 
-0.000137482 -0.00021916 -0.000309423 -0.000418959 -0.000535095 -0.000658371 -0.000801319 -0.000906934 -0.000888371 -0.000805193 -0.0007427 -0.000759417 -0.000796469 -0.000807932 -0.00079508 -0.000774419 -0.000759138 -0.000747108 -0.000741658 -0.000740077 -0.000727054 -0.000671983 -0.000579642 -0.000470635 
-0.000109613 -0.000214013 -0.000320543 -0.000450368 -0.000620415 -0.000800331 -0.000934313 -0.000931805 -0.000834461 -0.000751038 -0.000800076 -0.000878158 -0.00090733 -0.00090576 -0.000879722 -0.000848412 -0.000811348 -0.000769196 -0.000754134 -0.000744202 -0.000721641 -0.000657026 -0.000564346 -0.000456973 
-0.000119903 -0.00022956 -0.000376618 -0.000587924 -0.000812776 -0.000976438 -0.000985138 -0.000889785 -0.000778553 -0.000791373 -0.000897269 -0.000943722 -0.000962542 -0.000950392 -0.00093302 -0.000907106 -0.000876045 -0.000844863 -0.000808683 -0.000764802 -0.000706016 -0.000611615 -0.000493911 -0.000379935 
-0.000167467 -0.000320467 -0.000551375 -0.000829537 -0.00100999 -0.00101586 -0.000942774 -0.000806498 -0.000829221 -0.000883865 -0.000913656 -0.00090919 -0.00091125 -0.000882861 -0.000845286 -0.000788547 -0.000722775 -0.00066629 -0.000624767 -0.000590457 -0.000544432 -0.000467788 -0.000377992 -0.000298777 
-0.000291724 -0.000508199 -0.000774265 -0.000932186 -0.000937615 -0.000871918 -0.000794113 -0.000811069 -0.000872514 -0.00086198 -0.000859154 -0.000849313 -0.000787491 -0.000707075 -0.000658717 -0.000629489 -0.00061296 -0.00058397 -0.000549436 -0.00052172 -0.000483816 -0.00042084 -0.000347461 -0.000279324 
-0.000434231 -0.000674972 -0.000807641 -0.000830488 -0.000771612 -0.000692467 -0.000726547 -0.000789053 -0.000806524 -0.000801842 -0.000823429 -0.000785122 -0.000742531 -0.000693586 -0.000685328 -0.00070843 -0.000705822 -0.00066663 -0.000624799 -0.00059653 -0.000560701 -0.000493304 -0.000408693 -0.000324837 
-0.000544101 -0.00069195 -0.000739925 -0.000718468 -0.000639638 -0.000621234 -0.000674203 -0.000739325 -0.000763299 -0.000776279 -0.000810648 -0.00080716 -0.00077431 -0.000734664 -0.000739131 -0.00074917 -0.000742225 -0.00068945 -0.000654534 -0.000623307 -0.00057427 -0.000495234 -0.000396055 -0.000303681 
-0.000527536 -0.000612082 -0.000638376 -0.000620787 -0.000604221 -0.000610138 -0.000694829 -0.00076951 -0.000757519 -0.000787686 -0.000807435 -0.00078792 -0.000741671 -0.000716556 -0.000711408 -0.000705378 -0.000686825 -0.000648254 -0.00061899 -0.000599459 -0.000574112 -0.000514427 -0.000429155 -0.000337866 
-0.000475054 -0.000523736 -0.000552428 -0.000565133 -0.000569373 -0.000637154 -0.000706778 -0.000741311 -0.00079684 -0.000810118 -0.000791763 -0.000773134 -0.000733956 -0.000699953 -0.000681924 -0.000666655 -0.000630437 -0.000595622 -0.000597277 -0.000598142 -0.00057832 -0.000522433 -0.000437014 -0.000352561 
-0.000417353 -0.00047073 -0.000517083 -0.000525862 -0.000588647 -0.000631457 -0.000695279 -0.000781852 -0.000793678 -0.000794529 -0.000795872 -0.000780984 -0.000756037 -0.000720013 -0.000698628 -0.000660229 -0.000618217 -0.000595487 -0.000587157 -0.000602211 -0.000610961 -0.000554926 -0.000455608 -0.000359319 
-0.000377904 -0.000444988 -0.0004721 -0.000536606 -0.000609056 -0.000696464 -0.000791664 -0.000837746 -0.000822426 -0.000804087 -0.000784118 -0.000770768 -0.000755424 -0.000728393 -0.000678726 -0.000637938 -0.000598862 -0.000573819 -0.000557963 -0.000560364 -0.000547074 -0.000478476 -0.000396365 -0.000300949 
-0.000361111 -0.000408566 -0.000475035 -0.000541606 -0.000649619 -0.000754375 -0.000830786 -0.000825359 -0.000805045 -0.000790619 -0.000774208 -0.000754765 -0.000748018 -0.000728809 -0.000679842 -0.000634571 -0.000591589 -0.000559449 -0.000527693 -0.000537046 -0.000493664 -0.000425476 -0.000337789 -0.000261442 
-0.000343406 -0.000411847 -0.000486527 -0.000578045 -0.000695389 -0.000794909 -0.000807548 -0.000785883 -0.000774123 -0.000765613 -0.00075549 -0.000733198 -0.000707866 -0.00069069 -0.000663823 -0.000615716 -0.000562537 -0.000522716 -0.000527203 -0.000530123 -0.000464861 -0.000409799 -0.000375038 -0.00033793 
-0.00035451 -0.00042938 -0.000515567 -0.000625749 -0.000721181 -0.00075758 -0.000759764 -0.000752182 -0.000739896 -0.000732499 -0.000724836 -0.00070147 -0.000667953 -0.000645092 -0.000622306 -0.000579405 -0.000535476 -0.000513403 -0.000546279 -0.000510857 -0.000477401 -0.000480104 -0.000457295 -0.000434865 
-0.000369874 -0.000468681 -0.000576723 -0.000667757 -0.000720043 -0.000727789 -0.00073171 -0.000727441 -0.00071493 -0.000702644 -0.000691059 -0.000665771 -0.000639263 -0.000609733 -0.000567639 -0.00051988 -0.000489936 -0.000499651 -0.000546669 -0.000470251 -0.000410999 -0.000426157 -0.000390709 -0.000327942 
-0.000372483 -0.000487026 -0.000595225 -0.000666175 -0.000693336 -0.000701692 -0.000704431 -0.000700542 -0.000691653 -0.000679359 -0.000663987 -0.000639987 -0.000613662 -0.000585061 -0.000544448 -0.000500356 -0.000491128 -0.000514175 -0.000516271 -0.000386627 -0.00031611 -0.000305099 -0.000280265 -0.000236472 
-0.000358214 -0.000469144 -0.000564363 -0.000631912 -0.000654356 -0.000674619 -0.000689776 -0.000693291 -0.000694791 -0.000691266 -0.000674051 -0.000651495 -0.000623113 -0.000595391 -0.000566967 -0.000533884 -0.000525072 -0.000520421 -0.0004249 -0.000301892 -0.000241901 -0.000221214 -0.000203906 -0.000166056 
-0.000392513 -0.000474496 -0.000555854 -0.000623624 -0.000669714 -0.000701811 -0.00072764 -0.000741684 -0.000748182 -0.000753839 -0.000735184 -0.000705636 -0.0006771 -0.000640213 -0.000608167 -0.000579492 -0.000540297 -0.000448893 -0.000346686 -0.00027108 -0.000206772 -0.000156975 -0.00012447 -9.97394e-05 
-0.000415173 -0.000513608 -0.000614487 -0.000700355 -0.000746946 -0.000766126 -0.000778926 -0.000788913 -0.000792598 -0.000786115 -0.000760246 -0.000733238 -0.000706718 -0.000678567 -0.000650777 -0.000608368 -0.000550321 -0.000390344 -0.000314298 -0.000286793 -0.000233766 -0.000175778 -0.000136214 -9.80982e-05 
-0.000375922 -0.000484566 -0.000595138 -0.000678084 -0.000716513 -0.000719732 -0.000722719 -0.000724513 -0.000725906 -0.000727009 -0.00072366 -0.000685057 -0.000652303 -0.000626036 -0.000589838 -0.000544752 -0.00043701 -0.000318228 -0.000294939 -0.000258358 -0.000245911 -0.000209796 -0.000174613 -0.00012287 
-0.000304862 -0.000399671 -0.000477194 -0.000542755 -0.000591858 -0.000611773 -0.000620843 -0.000619413 -0.000617111 -0.000635804 -0.00063012 -0.000581149 -0.000532954 -0.000509236 -0.000478715 -0.000418285 -0.000304966 -0.000259039 -0.000253413 -0.000233921 -0.000222132 -0.000192198 -0.00016858 -0.000127536 
-0.000222539 -0.000295229 -0.000365935 -0.000438241 -0.000497939 -0.000520025 -0.000518075 -0.000516505 -0.000521582 -0.000545963 -0.000541234 -0.000491854 -0.00043606 -0.000407767 -0.000372011 -0.000287738 -0.000235277 -0.000237367 -0.00025372 -0.000242708 -0.000202381 -0.000156442 -0.000120396 -8.50108e-05 
-0.000239481 -0.000274477 -0.000326165 -0.000387963 -0.000411351 -0.000414976 -0.000407387 -0.000404735 -0.000407973 -0.000416947 -0.000414063 -0.000384153 -0.000344696 -0.000312822 -0.000253269 -0.000187391 -0.000151162 -0.000156323 -0.000194179 -0.00018509 -0.000146848 -0.000113762 -8.71934e-05 -6.70269e-05 
-0.000132704 -0.000162199 -0.000187371 -0.000198655 -0.000213621 -0.000211707 -0.000213977 -0.000215235 -0.000208081 -0.000205949 -0.000235602 -0.000253888 -0.000248436 -0.00023054 -0.000194793 -0.000145371 -9.84915e-05 -0.000102017 -0.000105577 -0.00010275 -8.64995e-05 -7.59556e-05 -6.69504e-05 -5.26486e-05 
