6.06119e-05 7.16149e-05 8.59227e-05 0.000120879 0.000164141 0.000186356 0.000149204 7.85611e-05 5.96219e-05 6.24624e-05 6.82169e-05 7.024e-05 8.11467e-05 9.72628e-05 9.94885e-05 9.41159e-05 8.69292e-05 7.61033e-05 5.43635e-05 2.83667e-05 1.57471e-05 1.39216e-05 1.46244e-05 1.6652e-05 
0.000105779 0.000125806 0.000152658 0.000203461 0.000265233 0.000344599 0.000339171 0.000298862 0.000304083 0.000342941 0.000367667 0.000356574 0.000327839 0.000309449 0.000288938 0.000256178 0.000195387 0.00014298 0.000112975 9.24545e-05 7.75672e-05 7.46137e-05 7.17175e-05 7.32905e-05 
0.000107359 0.000129168 0.00018217 0.000241735 0.000302851 0.000387164 0.000443387 0.000493006 0.000553349 0.000619461 0.00065905 0.000664808 0.000653836 0.00063638 0.000602228 0.000518257 0.000402339 0.000312838 0.000230705 0.000156603 0.000110905 7.53784e-05 4.70477e-05 3.99527e-05 
8.75042e-05 0.000110877 0.000172019 0.000261918 0.000387776 0.000530642 0.000626164 0.00073454 0.000877476 0.00101346 0.00107749 0.00111116 0.00107608 0.00100255 0.00088129 0.000781763 0.000667887 0.000527041 0.000403435 0.00027842 0.000176519 9.97408e-05 5.2585e-05 3.92581e-05 
0.00012978 0.000166036 0.000222083 0.000372861 0.000555025 0.000659337 0.000741227 0.000881677 0.00106462 0.00119297 0.00123488 0.00118292 0.00116732 0.00116705 0.00112319 0.00103026 0.000876615 0.000739927 0.000613995 0.000459241 0.000294986 0.000154619 8.46472e-05 5.74013e-05 
0.000112606 0.000152408 0.000238939 0.000419297 0.000576315 0.000670286 0.000741006 0.000872714 0.00107315 0.00125225 0.00130932 0.00126618 0.00127269 0.00134226 0.00134003 0.00122778 0.00100917 0.000888014 0.000828438 0.000686473 0.000530719 0.000354029 0.000245553 0.000186633 
0.000109464 0.000143443 0.000202517 0.000359287 0.000560814 0.000670649 0.000793506 0.000997917 0.0013308 0.00161954 0.00172133 0.00163851 0.0015323 0.00147592 0.00140822 0.00132341 0.00104875 0.000861145 0.000860867 0.000807669 0.000711993 0.000556804 0.000416592 0.000315388 
8.77998e-05 0.00011814 0.000150232 0.000246971 0.000371321 0.000503054 0.000588964 0.000746977 0.0010603 0.00142004 0.00162578 0.00165262 0.00158584 0.00150718 0.00134425 0.00119884 0.000941481 0.000790541 0.00079453 0.000785994 0.000783843 0.000698545 0.000564036 0.0004427 
8.40587e-05 0.000111976 0.000146284 0.000220072 0.000319884 0.000429586 0.000544689 0.000660044 0.00090438 0.00122032 0.00138763 0.0014222 0.00143648 0.00137792 0.00123692 0.00106693 0.000819132 0.000695803 0.000750729 0.000767893 0.000769782 0.000723623 0.000652618 0.000552866 
0.000143088 0.000182515 0.000222736 0.000318902 0.000468951 0.00063663 0.000751142 0.000882599 0.00110683 0.00139769 0.00150948 0.00139254 0.001267 0.00115897 0.00112025 0.000972492 0.000746462 0.000703275 0.000767414 0.000816018 0.000813902 0.000796829 0.00074913 0.000678599 
0.000121757 0.000166343 0.000211448 0.00030637 0.000425708 0.000520492 0.000624938 0.000749694 0.000964149 0.0011586 0.00127089 0.00113191 0.00105748 0.00101077 0.000940923 0.000873017 0.000803746 0.000776519 0.000827471 0.000822152 0.000778359 0.000719606 0.000616716 0.000501195 
6.53469e-05 9.31891e-05 0.00012133 0.000160396 0.000206626 0.000251892 0.000357251 0.000452388 0.000591291 0.000791203 0.000898595 0.000908604 0.000921419 0.000897348 0.000888286 0.000882471 0.000846046 0.000879901 0.000914367 0.000920585 0.000882348 0.000811378 0.000695285 0.000556634 
5.38405e-05 8.63108e-05 0.000119848 0.000225318 0.000347762 0.000497721 0.000664281 0.000827962 0.000951693 0.00105132 0.0010321 0.00100971 0.00100186 0.00097656 0.000949914 0.000926151 0.000890858 0.000916215 0.000960983 0.000967574 0.000945813 0.000887525 0.000772789 0.000627981 
5.75221e-05 9.79258e-05 0.000170361 0.000311372 0.000482053 0.00063641 0.000846184 0.000992819 0.00107725 0.00108878 0.000998067 0.00106715 0.00106009 0.00102874 0.000984205 0.000958704 0.000969669 0.00100963 0.00104688 0.00105123 0.0010101 0.00091457 0.000778096 0.00063119 
6.54863e-05 0.000141375 0.000245323 0.000385028 0.000548206 0.000701616 0.00083243 0.000931549 0.000925213 0.000914246 0.000946689 0.000980469 0.000984858 0.000953328 0.000936362 0.000958842 0.00100461 0.00107327 0.00112932 0.00115154 0.00112452 0.00102736 0.0008743 0.000703027 
0.000104084 0.000197774 0.000337531 0.0005003 0.000676392 0.000826672 0.000913231 0.000955424 0.000933847 0.000899182 0.000978363 0.000965482 0.00093135 0.000906658 0.000900836 0.000923467 0.000957242 0.000994029 0.00100623 0.000995116 0.000958268 0.000857656 0.000718645 0.000574898 
0.00014882 0.000255659 0.000417346 0.000581921 0.000742745 0.000837408 0.00090537 0.000923867 0.00089694 0.000974807 0.000947196 0.000868153 0.000804495 0.000778703 0.000805313 0.000799475 0.00077383 0.000757968 0.000749649 0.000722253 0.000673381 0.000595245 0.000500756 0.000405873 
0.000232467 0.000370131 0.000496701 0.000594963 0.000655761 0.000749858 0.000840066 0.000868573 0.000951496 0.000957812 0.000921405 0.000856916 0.00079688 0.000719287 0.000673048 0.000612005 0.000550137 0.00050813 0.000501647 0.000503184 0.000488823 0.00044741 0.000382938 0.000312015 
0.000317729 0.000434835 0.000466253 0.000494491 0.000587563 0.000723282 0.000885325 0.00102366 0.00103714 0.000997582 0.000928319 0.000798648 0.000667641 0.000586332 0.000538581 0.00048168 0.000422067 0.000379336 0.000375794 0.000378963 0.000371217 0.000340092 0.000294101 0.000253174 
0.000353352 0.000408629 0.000441309 0.000518713 0.00065161 0.0008676 0.00104038 0.00107691 0.00103333 0.000882675 0.000725158 0.000556 0.000421386 0.000354941 0.000347173 0.000344003 0.000338633 0.000342792 0.000356209 0.000355549 0.000334312 0.000280965 0.000218816 0.000174046 
0.000357232 0.000416347 0.000479504 0.000583299 0.000798993 0.000987602 0.00100642 0.000965901 0.000789958 0.000588359 0.000428909 0.000258824 0.000208745 0.000190039 0.000214409 0.000248665 0.000275429 0.000352788 0.00040391 0.000432542 0.000417467 0.000363524 0.000298473 0.000252081 
0.000363872 0.000436598 0.000549551 0.000705522 0.000858025 0.000875649 0.000803409 0.000678597 0.000453557 0.000317547 0.000241454 0.000213535 0.00019636 0.000217889 0.000255053 0.000344438 0.000455205 0.000540805 0.000590378 0.000585628 0.000577138 0.000534637 0.000466353 0.000383601 
0.000335195 0.000495707 0.000664304 0.000807222 0.000841779 0.000761904 0.000638605 0.000419429 0.000283114 0.00019162 0.000218746 0.000230546 0.00022534 0.000230879 0.000307164 0.000409011 0.000477589 0.000506226 0.000548863 0.000557313 0.000547187 0.000504647 0.000434156 0.000349843 
0.000402113 0.000609909 0.000752359 0.000811003 0.000830341 0.000757376 0.000519355 0.000313652 0.000217674 0.000259627 0.000305113 0.000292886 0.000274261 0.000307591 0.000405263 0.000450825 0.00047507 0.000496156 0.000516673 0.000506523 0.000483544 0.000435771 0.000375123 0.000298451 
0.000516997 0.000657764 0.000736855 0.00078591 0.000782934 0.000587265 0.000352219 0.000287528 0.000321419 0.000387012 0.000402265 0.000385976 0.000365786 0.000386343 0.000438448 0.000457952 0.000452166 0.000445636 0.000454917 0.000431421 0.000377315 0.000313991 0.000248747 0.000183092 
0.000557669 0.000640025 0.000690751 0.000679592 0.000516867 0.000351598 0.000295626 0.000391131 0.000485507 0.000480418 0.000447433 0.000421304 0.00040403 0.000420434 0.000443623 0.000432175 0.000420191 0.000399633 0.000382281 0.00035106 0.000319233 0.000265598 0.00022729 0.000217968 
0.000502089 0.000549615 0.000562645 0.00043954 0.00030376 0.000244552 0.000399519 0.000514893 0.000525947 0.000505594 0.00047124 0.00043655 0.00042328 0.000438704 0.000433057 0.000426226 0.000400614 0.000376514 0.000335051 0.000280754 0.00021338 0.000249366 0.000264074 0.0002437 
0.000476559 0.000504647 0.000420559 0.000342501 0.000226025 0.000333138 0.000517263 0.000563019 0.000548477 0.000522603 0.000494138 0.000459316 0.000437734 0.000441185 0.000433136 0.000412703 0.000375002 0.000353536 0.00028229 0.000182882 0.000216543 0.000237165 0.000224375 0.000190467 
0.000388039 0.000350581 0.000317246 0.000239016 0.000274122 0.000424144 0.000542111 0.000547846 0.000537838 0.00051559 0.000485175 0.000445899 0.000415666 0.000410361 0.000404445 0.000377449 0.00033151 0.000289879 0.000212152 0.000170992 0.000206278 0.000242063 0.000226707 0.000265596 
0.000238378 0.000242252 0.00022532 0.000238474 0.000327443 0.000450123 0.00049661 0.000494988 0.00049118 0.00048249 0.000460191 0.000427568 0.00038741 0.000373851 0.00035502 0.000332954 0.0002954 0.000247457 0.000170026 0.000148765 0.000199777 0.000228782 0.000270777 0.000276545 
0.000166353 0.000191131 0.00022441 0.000285769 0.000384737 0.000444499 0.00045963 0.000450756 0.000448374 0.000448781 0.000435072 0.000406042 0.000355116 0.000323318 0.000306115 0.000291637 0.000271746 0.00025581 0.000194637 0.000179437 0.000207878 0.000262527 0.00028644 0.000282759 
0.000143642 0.000193615 0.00026796 0.00037104 0.000422612 0.000433441 0.000429528 0.000421853 0.000417495 0.000413289 0.000397274 0.000365199 0.00032056 0.000287181 0.000266575 0.000260761 0.000284402 0.000267863 0.000192249 0.000187684 0.000298983 0.000337286 0.00035054 0.000325877 
0.000227659 0.000299998 0.000368743 0.000417834 0.000427872 0.000419186 0.000406408 0.000398756 0.000384201 0.000362128 0.000336502 0.000306378 0.000278159 0.000259908 0.000246429 0.000255425 0.000291344 0.000231829 0.00019681 0.00028392 0.000379903 0.000445556 0.000417433 0.000381253 
0.000262286 0.000312016 0.000357141 0.000381061 0.000351807 0.000311289 0.000283998 0.000268744 0.000258609 0.00024579 0.000220012 0.000214359 0.00021799 0.000216432 0.00020898 0.000208763 0.000196745 0.00018915 0.000229984 0.000304393 0.000393346 0.000408111 0.000380805 0.000395973 
0.000174673 0.000216722 0.000245761 0.000239389 0.000194965 0.000142755 0.000118755 0.000112453 0.000105349 0.000106377 0.00012907 0.000152524 0.000176909 0.000186944 0.000182373 0.000145214 0.000136826 0.000177548 0.000224927 0.000308528 0.000359603 0.000406979 0.000397288 0.000353515 
5.63748e-05 9.44101e-05 0.000112582 0.000111071 0.000109354 0.000118461 0.000122009 0.000123437 0.000129973 0.000125535 0.000129292 0.000138631 0.00014312 0.000143311 0.000134536 0.000120383 0.000149328 0.000168684 0.000217039 0.000248935 0.000319947 0.000365362 0.000341078 0.000266403 
8.76141e-05 0.000129767 0.000149549 0.000152613 0.000160792 0.000183653 0.000199032 0.000197271 0.000179192 0.000178181 0.000190667 0.000208333 0.000202779 0.000188939 0.000173635 0.000146803 0.000100134 0.000108578 0.000193387 0.000250273 0.000275053 0.000286612 0.000271807 0.000227273 
9.2032e-05 0.000150571 0.000169265 0.000152909 0.000167556 0.000179257 0.000181884 0.000173222 0.000150303 0.000142417 0.000171144 0.000210017 0.000232989 0.00022545 0.000198035 0.000170165 0.000133616 0.000204831 0.000285823 0.000329338 0.000329449 0.00029491 0.000264364 0.000215665 
0.0001036 0.000123173 0.000149408 0.00016002 0.000154865 0.000158823 0.00016535 0.000161142 0.000152414 0.000143623 0.000142398 0.000194415 0.000226202 0.000220742 0.000207196 0.000200363 0.000180869 0.000261543 0.000341991 0.000362584 0.000324882 0.000269032 0.000220227 0.000172307 
0.000152849 0.000152794 0.000152162 0.00016278 0.000187343 0.000204453 0.000217699 0.00021975 0.000222017 0.00021972 0.00020596 0.000203408 0.000191368 0.000178143 0.000174016 0.000159698 0.000217082 0.00029953 0.0003374 0.000343508 0.000316916 0.00027872 0.0002366 0.00019057 
