-4.68703e-06 -7.23604e-06 -1.91586e-05 -4.07104e-05 -8.05137e-05 -0.000137721 -0.00012385 -0.000107759 -0.000125805 -0.000141531 -0.000146927 -0.000143901 -0.000141873 -0.000138232 -0.000129418 -0.000113528 -9.29938e-05 -6.68385e-05 -4.32314e-05 -3.39613e-05 -2.49875e-05 -2.09094e-05 -1.79088e-05 -1.67204e-05 
-3.05723e-05 -3.25416e-05 -4.80826e-05 -6.73521e-05 -0.00010272 -0.000185151 -0.000259736 -0.000283475 -0.000321678 -0.000353588 -0.000373591 -0.000366941 -0.000316991 -0.000269487 -0.00021927 -0.00017786 -0.000141845 -0.000108082 -8.50828e-05 -6.32853e-05 -5.81568e-05 -6.20593e-05 -5.92992e-05 -5.79447e-05 
-1.95419e-05 -2.25478e-05 -3.79919e-05 -6.44981e-05 -0.000108481 -0.000203062 -0.00029185 -0.000348754 -0.000406813 -0.000481122 -0.000550425 -0.000558698 -0.000536158 -0.000492335 -0.000425798 -0.000342507 -0.000262104 -0.000214676 -0.000174151 -0.000123756 -9.34065e-05 -7.74193e-05 -6.93356e-05 -6.68521e-05 
1.07124e-05 1.12151e-05 8.72253e-06 -3.65761e-05 -0.000107766 -0.00018851 -0.000252998 -0.000297868 -0.000380835 -0.000496102 -0.000646114 -0.000743774 -0.000731356 -0.000690949 -0.000610304 -0.000500037 -0.000410143 -0.000320514 -0.000248005 -0.000189754 -0.00014117 -0.000117554 -0.000117796 -0.000109436 
3.59694e-05 3.86299e-05 2.15475e-05 -5.47383e-05 -0.000138857 -0.000194521 -0.000230002 -0.000329079 -0.000487161 -0.000640079 -0.00076344 -0.000859057 -0.00091256 -0.00089454 -0.000811212 -0.000660516 -0.000513872 -0.00040977 -0.000343289 -0.000310707 -0.000297647 -0.000261327 -0.000218033 -0.00017146 
4.08713e-05 3.76234e-05 1.64829e-05 -6.22596e-05 -0.000172781 -0.000262777 -0.000359698 -0.000485536 -0.00065099 -0.000816767 -0.000916374 -0.000967257 -0.00101145 -0.000989448 -0.00090114 -0.000783427 -0.000605095 -0.000467671 -0.000416004 -0.000405264 -0.000410021 -0.000364808 -0.000308013 -0.000239871 
-5.57442e-07 -1.3589e-05 -4.46533e-05 -0.000123571 -0.000228644 -0.000313832 -0.000435996 -0.000610426 -0.000778632 -0.000914923 -0.00100418 -0.00104256 -0.00104971 -0.00101494 -0.000939652 -0.000798997 -0.000600591 -0.000494083 -0.000461872 -0.000455767 -0.000432059 -0.000433925 -0.000388053 -0.000359373 
-2.2269e-05 -3.56134e-05 -6.79701e-05 -0.000159323 -0.000251976 -0.000357027 -0.000492869 -0.000654657 -0.000812054 -0.000890631 -0.000918997 -0.000924837 -0.00095837 -0.000948588 -0.000855017 -0.000686564 -0.000541906 -0.000474757 -0.000487584 -0.000439051 -0.000400344 -0.000374516 -0.000348432 -0.000309544 
-2.38316e-05 -2.52178e-05 -4.72235e-05 -0.000127552 -0.000246992 -0.000349209 -0.000478885 -0.000624769 -0.000774079 -0.000843863 -0.000827719 -0.000804427 -0.000850656 -0.000835491 -0.0007769 -0.000678092 -0.000544286 -0.000431966 -0.000451387 -0.000370784 -0.00027905 -0.000235222 -0.000220073 -0.000186219 
-5.8622e-05 -7.59437e-05 -0.000103654 -0.000150086 -0.000234186 -0.000305549 -0.000377813 -0.000493091 -0.000672422 -0.000819239 -0.000860765 -0.000849195 -0.000870442 -0.000860056 -0.000842148 -0.000792188 -0.000617622 -0.000539603 -0.000564178 -0.000502505 -0.000394999 -0.000283473 -0.000217213 -0.000173233 
-6.39764e-05 -9.20453e-05 -0.000128295 -0.000192564 -0.000257812 -0.00030512 -0.000377972 -0.000453658 -0.000589333 -0.00078033 -0.000907857 -0.000891107 -0.000903249 -0.000885552 -0.000854945 -0.000828017 -0.000746479 -0.000671637 -0.000685576 -0.000668931 -0.000557842 -0.00044695 -0.000348037 -0.0002205 
-3.38856e-05 -5.22369e-05 -7.83373e-05 -0.000112849 -0.000177419 -0.000237471 -0.00032069 -0.000389334 -0.000519413 -0.000728504 -0.000847919 -0.000861976 -0.000875286 -0.000831991 -0.00080722 -0.000780972 -0.000707944 -0.000737592 -0.000751947 -0.00073351 -0.000715306 -0.000653446 -0.000528345 -0.00037751 
-5.25135e-05 -9.03366e-05 -0.000109623 -0.000118829 -0.000161908 -0.000222835 -0.000313999 -0.000427212 -0.000579399 -0.000754048 -0.000854857 -0.000886318 -0.000884696 -0.000851515 -0.000786131 -0.000705391 -0.00062572 -0.000641936 -0.000702023 -0.000720712 -0.000733402 -0.000710189 -0.000635416 -0.000511657 
-6.55094e-05 -9.4062e-05 -0.000106415 -0.000117028 -0.000157272 -0.000219227 -0.000329365 -0.000407758 -0.000533281 -0.000683528 -0.000786078 -0.000883518 -0.000862391 -0.000796305 -0.000755633 -0.000720305 -0.000726213 -0.000790189 -0.000843773 -0.000862429 -0.000845614 -0.00077583 -0.000672153 -0.000556924 
-5.74746e-05 -5.3996e-05 -7.32691e-05 -0.000136293 -0.000215415 -0.00029503 -0.000384936 -0.000493369 -0.000603396 -0.000740717 -0.000860869 -0.000888903 -0.000819698 -0.000765622 -0.000768421 -0.000806105 -0.000862124 -0.000942967 -0.00101231 -0.00105303 -0.00105893 -0.000987262 -0.000856055 -0.000698262 
-3.39722e-05 -8.96703e-05 -0.000145396 -0.000200058 -0.000301194 -0.00041691 -0.000498715 -0.000622446 -0.000740695 -0.000850275 -0.000962743 -0.00092208 -0.000840524 -0.000814972 -0.000809252 -0.000835364 -0.000875909 -0.000920429 -0.000967297 -0.00100067 -0.000984683 -0.000893805 -0.000753145 -0.000603365 
-7.19171e-05 -0.000108588 -0.000166173 -0.000248302 -0.000337737 -0.000448586 -0.000600756 -0.000758369 -0.000855648 -0.000984035 -0.00104195 -0.000963885 -0.000878004 -0.000820254 -0.000805548 -0.000809174 -0.000805316 -0.000815449 -0.000827015 -0.000820593 -0.000791452 -0.000707168 -0.000598322 -0.000480351 
-0.000117273 -0.00015208 -0.000202072 -0.000249038 -0.000340199 -0.000509106 -0.000728304 -0.000882479 -0.0010086 -0.00108446 -0.00105806 -0.000984941 -0.000899963 -0.000846832 -0.000815268 -0.000775725 -0.000729288 -0.000684674 -0.000661254 -0.000632487 -0.000594076 -0.000525497 -0.000440611 -0.000354717 
-0.000131646 -0.000173903 -0.000207374 -0.000258203 -0.000399443 -0.000621643 -0.000881066 -0.00110047 -0.00120121 -0.0011393 -0.00107956 -0.000999266 -0.000937631 -0.000881159 -0.000834505 -0.000786908 -0.000721843 -0.000639442 -0.000587815 -0.00054893 -0.000502442 -0.00044104 -0.000364285 -0.000286693 
-0.000128827 -0.000180464 -0.000229725 -0.000333755 -0.000508823 -0.000783563 -0.00106029 -0.00125041 -0.00124218 -0.00117148 -0.0010761 -0.00102377 -0.000991251 -0.000950034 -0.000875408 -0.000776958 -0.000675352 -0.000591519 -0.000529964 -0.000485805 -0.000437429 -0.000376475 -0.000302694 -0.000232153 
-0.000108223 -0.000174274 -0.000286253 -0.000423622 -0.000666216 -0.000921713 -0.0011083 -0.00118039 -0.00115279 -0.00107102 -0.00102455 -0.000961765 -0.000859922 -0.00076188 -0.000692076 -0.000633986 -0.000571749 -0.000518493 -0.000483831 -0.000456514 -0.000425761 -0.000376049 -0.000312643 -0.000248388 
-0.000120553 -0.000238332 -0.00037439 -0.000551343 -0.000754031 -0.000925605 -0.00100406 -0.00100503 -0.000927178 -0.00093391 -0.000932976 -0.000833758 -0.000780905 -0.00071717 -0.000632642 -0.000589287 -0.000555218 -0.000522414 -0.000485266 -0.000421239 -0.000377773 -0.00032478 -0.000268069 -0.000210571 
-0.000208548 -0.000357148 -0.000513043 -0.000668617 -0.000817742 -0.000854548 -0.00080797 -0.000764168 -0.000776214 -0.000776314 -0.000765541 -0.000745599 -0.000712761 -0.000642175 -0.000574793 -0.000533598 -0.000500523 -0.000430016 -0.000360853 -0.000304799 -0.000255382 -0.000202577 -0.000151015 -0.000104799 
-0.000311547 -0.000484657 -0.000635912 -0.000761481 -0.000835753 -0.000778464 -0.000676181 -0.000635551 -0.000628229 -0.000649902 -0.000666995 -0.000660475 -0.000632112 -0.00058735 -0.000542309 -0.000494457 -0.000439725 -0.000347153 -0.000276642 -0.000221716 -0.000184704 -0.00015163 -0.000118783 -8.53788e-05 
-0.000402093 -0.000569535 -0.000728657 -0.000854242 -0.000865474 -0.000761925 -0.000680346 -0.000654991 -0.000659829 -0.000670003 -0.000657651 -0.000641597 -0.00062351 -0.000603414 -0.000561083 -0.000496431 -0.000367425 -0.000266215 -0.000196451 -0.000150084 -0.000130196 -0.000100282 -7.32004e-05 -5.80842e-05 
-0.000447018 -0.000613921 -0.000763875 -0.000816101 -0.000762065 -0.000734718 -0.000671661 -0.000703175 -0.000727092 -0.000711535 -0.000677112 -0.000647899 -0.000634902 -0.000601865 -0.000542236 -0.000425567 -0.000293938 -0.000195317 -0.000143235 -0.000140182 -0.000124274 -0.000105343 -0.000102002 -0.000104932 
-0.000459575 -0.000603189 -0.000678367 -0.000675171 -0.000679975 -0.000656292 -0.000710678 -0.000742969 -0.000740207 -0.000719017 -0.000685296 -0.000650968 -0.000619062 -0.000567832 -0.000470952 -0.000334776 -0.00019898 -0.00014238 -0.000129194 -0.000109618 -0.000104801 -0.000150959 -0.000164375 -0.000167256 
-0.000483087 -0.000598631 -0.000647052 -0.000670759 -0.000659145 -0.000694431 -0.000760205 -0.00075077 -0.000732923 -0.000719393 -0.000706131 -0.000669238 -0.000618686 -0.000547597 -0.000434888 -0.000286194 -0.00016859 -0.000130095 -0.000127864 -0.000134111 -0.000197738 -0.000257471 -0.000301548 -0.000287904 
-0.000502873 -0.000584515 -0.000678454 -0.000666228 -0.000662505 -0.000729311 -0.000755657 -0.000731756 -0.00071639 -0.000703332 -0.000686582 -0.000650366 -0.00059745 -0.000510143 -0.0004131 -0.00027901 -0.000171797 -0.000146776 -0.00015781 -0.000229847 -0.000316861 -0.000390587 -0.000384601 -0.000366951 
-0.000411121 -0.000510133 -0.000583699 -0.000594197 -0.000658819 -0.000709113 -0.000697145 -0.00069488 -0.000688113 -0.000671258 -0.000649734 -0.000623562 -0.000572944 -0.000495398 -0.000399658 -0.000285342 -0.000227874 -0.000220113 -0.000258672 -0.000351833 -0.000466224 -0.000477411 -0.000381986 -0.000294481 
-0.000305203 -0.000378958 -0.000460649 -0.000539581 -0.000617276 -0.000638101 -0.000645913 -0.000650589 -0.000643046 -0.000628144 -0.000607412 -0.000583561 -0.000533924 -0.000467537 -0.000384688 -0.000303318 -0.000285704 -0.000316465 -0.000354009 -0.000429664 -0.000505279 -0.000435266 -0.000334967 -0.0002594 
-0.000236117 -0.000318716 -0.000418517 -0.000515661 -0.000579099 -0.000591366 -0.00060596 -0.000608759 -0.000595655 -0.000577373 -0.000552829 -0.000529112 -0.000488647 -0.000440045 -0.000379888 -0.000341553 -0.000365496 -0.000388025 -0.000387275 -0.000401764 -0.00039679 -0.000387793 -0.000354225 -0.000293549 
-0.000262906 -0.00034339 -0.000441113 -0.000516415 -0.000552087 -0.000565787 -0.000576618 -0.000578639 -0.000563439 -0.000540075 -0.000511299 -0.000475502 -0.000438806 -0.000401386 -0.000373417 -0.000374476 -0.000415105 -0.000401805 -0.000361405 -0.000337792 -0.00033464 -0.000315689 -0.000242961 -0.000180663 
-0.000248475 -0.000337592 -0.0004244 -0.000484795 -0.000525504 -0.000549084 -0.000557449 -0.000555461 -0.000540466 -0.000509301 -0.000471972 -0.00044607 -0.000420317 -0.000399409 -0.000384024 -0.000389357 -0.000399701 -0.000362634 -0.000339669 -0.000307948 -0.000240241 -0.000165896 -8.35282e-05 -5.87448e-05 
-0.000235443 -0.000313501 -0.000394846 -0.000456295 -0.000484652 -0.000495297 -0.00048937 -0.000488351 -0.00048058 -0.000463346 -0.000457681 -0.000442402 -0.000429686 -0.000431646 -0.000440415 -0.000414745 -0.000371927 -0.000355301 -0.000363109 -0.000311197 -0.000229102 -0.000138072 -5.95074e-05 -3.38315e-05 
-0.000192383 -0.000281623 -0.00035863 -0.000397937 -0.000407456 -0.000415718 -0.000419195 -0.000423164 -0.000419831 -0.000414731 -0.000413475 -0.000409347 -0.000405885 -0.000401985 -0.000387563 -0.000359339 -0.000353315 -0.00038606 -0.000353765 -0.000264948 -0.000176623 -8.81196e-05 -3.05027e-05 -2.88456e-05 
-0.000206975 -0.000287925 -0.000369752 -0.000426393 -0.000448071 -0.000469908 -0.000484811 -0.000487105 -0.000476639 -0.00046305 -0.000443518 -0.00042633 -0.000417528 -0.000407189 -0.000390868 -0.00037133 -0.000364236 -0.000324114 -0.000275207 -0.000246059 -0.000167714 -9.96653e-05 -6.84411e-05 -6.96387e-05 
-0.0001952 -0.000266972 -0.000324714 -0.000363613 -0.000386067 -0.000398242 -0.000414175 -0.000425199 -0.00042904 -0.000436518 -0.000452938 -0.000443228 -0.000423656 -0.000411184 -0.000392072 -0.000365978 -0.000300822 -0.00024954 -0.000299076 -0.000325641 -0.000275017 -0.000203461 -0.000168121 -0.000132982 
-0.000164279 -0.000246158 -0.000298424 -0.000312514 -0.000304397 -0.000292449 -0.000318926 -0.000344633 -0.000364919 -0.000424997 -0.000472276 -0.00047721 -0.000470547 -0.00045368 -0.000453037 -0.000413806 -0.000389808 -0.000381412 -0.000387916 -0.000364104 -0.000284759 -0.000197512 -0.000136169 -9.06995e-05 
-0.000224334 -0.000277421 -0.00031095 -0.0003319 -0.000338278 -0.000346845 -0.000373115 -0.000391729 -0.000396787 -0.000394476 -0.000384269 -0.000378634 -0.000370091 -0.000349832 -0.000359509 -0.000382479 -0.000389687 -0.000360534 -0.000344799 -0.000309212 -0.000230385 -0.000145717 -0.00010135 -7.28792e-05 
