-3.65045e-05 -4.02859e-05 -3.99819e-05 -3.35688e-05 -3.08704e-05 -1.77599e-05 -2.2912e-05 -7.78106e-05 -0.000116523 -0.000130609 -0.000116354 -9.38152e-05 -9.06835e-05 -9.58346e-05 -9.57018e-05 -9.08794e-05 -7.69662e-05 -5.93396e-05 -3.85684e-05 -1.13592e-05 -3.95019e-06 -2.01553e-06 -1.46614e-06 -2.29297e-06 
-5.8531e-05 -6.92918e-05 -8.12504e-05 -0.000104357 -0.000148589 -0.000162772 -0.000142317 -0.00013753 -0.000113989 -8.47439e-05 -3.17551e-05 1.67456e-05 4.58697e-05 4.10471e-05 2.31248e-05 -8.56865e-06 -4.14083e-05 -6.18248e-05 -6.60283e-05 -4.62492e-05 -3.99731e-05 -4.06674e-05 -3.94277e-05 -4.19736e-05 
-5.31643e-05 -6.12951e-05 -8.35957e-05 -0.000113341 -0.000142051 -0.000156306 -0.000140058 -0.000140549 -0.000167565 -0.000188065 -0.000153062 -0.000126738 -0.000103073 -7.84091e-05 -5.80698e-05 -3.91872e-05 -1.02351e-05 -3.11712e-05 -5.85483e-05 -7.31751e-05 -8.68742e-05 -8.36918e-05 -7.74914e-05 -7.75286e-05 
-9.86827e-06 -1.18672e-05 -3.28708e-05 -8.60085e-05 -0.000123452 -0.000149345 -0.000198067 -0.000319309 -0.000458878 -0.000573852 -0.000607409 -0.000597147 -0.000581543 -0.000549536 -0.000459903 -0.000323102 -0.000160829 -4.61816e-05 -3.04726e-05 -1.756e-05 8.24258e-06 1.77815e-05 5.74639e-06 -7.2549e-06 
-1.97288e-05 -2.84804e-05 -5.33852e-05 -0.000103101 -0.000175206 -0.000222703 -0.000285951 -0.000412219 -0.000598954 -0.000748734 -0.000841822 -0.000864687 -0.000857948 -0.000843827 -0.000754254 -0.000567006 -0.000385251 -0.000202869 -6.96194e-05 1.73704e-05 4.69566e-05 5.54757e-05 1.64733e-05 -1.41323e-05 
-1.86814e-05 -2.8964e-05 -4.78947e-05 -9.01375e-05 -0.00012096 -0.000146515 -0.000163602 -0.000251659 -0.000413886 -0.000595277 -0.000740964 -0.000816359 -0.000849336 -0.000868378 -0.000817357 -0.000665985 -0.000496695 -0.000305384 -0.000164243 -3.12969e-05 1.84762e-05 -3.63515e-06 -4.80473e-05 -9.27538e-05 
-2.94788e-05 -4.13974e-05 -5.86977e-05 -9.80325e-05 -0.000153286 -0.000212553 -0.000262434 -0.000334081 -0.000425439 -0.000565437 -0.00063559 -0.000666311 -0.00068463 -0.000715085 -0.000726754 -0.00065171 -0.000470281 -0.000358892 -0.000270666 -0.00015399 -6.43714e-05 -6.14769e-05 -0.000105302 -0.000152331 
-2.29691e-05 -2.86931e-05 -4.38806e-05 -9.95681e-05 -0.00018681 -0.000293864 -0.000391839 -0.000489947 -0.000562631 -0.000640828 -0.000663369 -0.000665831 -0.000678483 -0.000708957 -0.000752069 -0.00069344 -0.000475339 -0.000381524 -0.000365918 -0.000311416 -0.000225367 -0.000115697 -5.04859e-05 -5.02557e-05 
-7.29931e-06 -1.62416e-05 -3.4531e-05 -9.21013e-05 -0.000161737 -0.00024301 -0.000358144 -0.000477629 -0.000554531 -0.00060324 -0.00063109 -0.000655609 -0.000746979 -0.000808713 -0.000836959 -0.000755825 -0.000561441 -0.000449495 -0.000444057 -0.00043736 -0.000403888 -0.000320888 -0.000214263 -0.000132737 
-1.51143e-05 -2.00672e-05 -2.85959e-05 -6.3791e-05 -0.000123631 -0.000201522 -0.000296012 -0.000409174 -0.000491987 -0.00055661 -0.000629254 -0.000728829 -0.000850685 -0.000933025 -0.000933699 -0.00089381 -0.000837803 -0.000762392 -0.000734028 -0.000721057 -0.000673852 -0.000614786 -0.000527736 -0.000394165 
-3.6623e-05 -4.81698e-05 -5.39084e-05 -7.03031e-05 -0.000109774 -0.000177983 -0.000254163 -0.000334928 -0.000440294 -0.00053203 -0.000665904 -0.000790998 -0.000899539 -0.000972808 -0.000994449 -0.00102805 -0.00103028 -0.000992183 -0.000958779 -0.000919673 -0.000869445 -0.000782252 -0.000651285 -0.000544887 
-4.0558e-05 -4.86067e-05 -3.88669e-05 -9.82588e-06 1.40172e-06 -1.24935e-05 -7.80378e-05 -0.000171116 -0.000301925 -0.000479007 -0.000668266 -0.000833923 -0.000975274 -0.00104872 -0.00109202 -0.00113841 -0.00117294 -0.0011215 -0.00107248 -0.00103527 -0.000975905 -0.00087438 -0.000723824 -0.000585282 
-3.71742e-05 -3.52788e-05 -1.6825e-06 1.60833e-05 8.18354e-06 -3.01072e-05 -9.98111e-05 -0.000222449 -0.000390546 -0.000597629 -0.000790658 -0.000949911 -0.00107169 -0.00116124 -0.00123907 -0.00127906 -0.00124447 -0.00118596 -0.00111225 -0.0010355 -0.000980224 -0.000888507 -0.000738016 -0.000575622 
-1.67902e-06 1.59504e-05 1.30699e-05 1.53588e-05 -2.13944e-05 -6.76441e-05 -0.00017265 -0.000340983 -0.000529395 -0.000724022 -0.00089146 -0.00105199 -0.00118385 -0.00128301 -0.0013457 -0.0013615 -0.00132391 -0.00126214 -0.00118076 -0.0010647 -0.000948386 -0.000815559 -0.000654451 -0.000501105 
2.80491e-05 3.83515e-05 4.89229e-05 3.09666e-05 -6.16348e-06 -0.000105013 -0.000242029 -0.000392572 -0.000605882 -0.000811903 -0.000987031 -0.00113135 -0.00124459 -0.00130356 -0.00133849 -0.00131586 -0.00126784 -0.00120077 -0.0011084 -0.00100105 -0.000879639 -0.000743053 -0.000589732 -0.000448982 
3.02645e-05 5.11263e-05 4.2486e-05 1.76483e-05 -8.93744e-05 -0.000236014 -0.000396121 -0.000586357 -0.000771022 -0.000921748 -0.00103549 -0.00110525 -0.00113363 -0.00111896 -0.00108621 -0.00104303 -0.000992283 -0.000945585 -0.00088753 -0.000816843 -0.000736504 -0.000641436 -0.000525078 -0.000410937 
3.07395e-05 4.79916e-05 1.52082e-05 -9.04982e-05 -0.000264245 -0.000417164 -0.000563994 -0.000722961 -0.000858979 -0.000957293 -0.000987337 -0.000963687 -0.000895974 -0.000830995 -0.000772476 -0.000715007 -0.000652105 -0.000591802 -0.000534664 -0.000481082 -0.000422519 -0.000353065 -0.000284678 -0.000222229 
6.05877e-06 -2.1269e-05 -0.00011566 -0.000254578 -0.000413474 -0.0005479 -0.0006672 -0.000778579 -0.000858317 -0.000887237 -0.00084602 -0.000723032 -0.000610177 -0.000554316 -0.000511762 -0.000456403 -0.000381286 -0.000312345 -0.000276081 -0.000247226 -0.000212684 -0.000182401 -0.000150365 -0.000121063 
-4.54855e-05 -0.00013178 -0.000233546 -0.000341672 -0.000491415 -0.000630633 -0.000794279 -0.000843073 -0.000821684 -0.000759226 -0.000602143 -0.000463241 -0.000374466 -0.000320331 -0.00026089 -0.000201825 -0.00014233 -0.000105705 -8.23116e-05 -5.75749e-05 -3.76928e-05 -2.48902e-05 -1.68564e-05 -1.37412e-05 
-0.000144431 -0.000260026 -0.000345417 -0.000466746 -0.000654868 -0.000838698 -0.000890311 -0.000820884 -0.000706787 -0.000527703 -0.000342129 -0.000188828 -0.000110444 -7.63074e-05 -4.50939e-05 9.01358e-06 5.34726e-05 7.83909e-05 9.02206e-05 0.000102167 0.000116984 0.000118596 0.000107655 8.97072e-05 
-0.000233723 -0.000349709 -0.000518328 -0.000717129 -0.00088585 -0.000947348 -0.000865039 -0.000733748 -0.000504114 -0.000300189 -0.000176855 -9.31494e-05 -1.96025e-05 4.33258e-05 8.85671e-05 0.000125125 0.000159578 0.000175978 0.000180301 0.000183728 0.000181747 0.000162222 0.000127748 9.34049e-05 
-0.000304122 -0.000514977 -0.000707651 -0.000867937 -0.000948832 -0.000898037 -0.000753954 -0.000488632 -0.000209104 -0.000103465 -6.14044e-05 5.2764e-06 4.07798e-05 5.60547e-05 7.47172e-05 0.000108333 0.000132365 0.000138165 0.000133969 0.0001323 0.000121526 0.000103463 7.88079e-05 5.97774e-05 
-0.00041519 -0.000636217 -0.000801535 -0.000890532 -0.000873089 -0.000719639 -0.000477304 -0.000145979 1.38883e-05 1.12816e-05 3.31684e-05 4.17153e-05 4.63258e-05 4.33078e-05 3.65639e-05 5.03521e-05 7.03428e-05 8.84204e-05 9.88398e-05 0.000109207 0.000113193 0.000106971 8.81685e-05 6.84036e-05 
-0.000508437 -0.000700218 -0.000783903 -0.000774154 -0.000676515 -0.000487971 -0.000164297 2.4753e-05 6.51219e-05 5.76313e-05 3.42051e-05 1.97768e-05 2.17113e-05 2.01985e-05 2.46769e-05 3.80896e-05 6.08775e-05 8.54609e-05 0.000102285 0.000112386 0.000100759 8.46667e-05 6.52672e-05 4.99523e-05 
-0.000574531 -0.000664273 -0.000643803 -0.000566056 -0.000439524 -0.000204401 -4.72713e-06 8.22957e-05 0.000115666 8.27759e-05 4.57187e-05 2.78575e-05 2.5079e-05 2.16818e-05 3.42127e-05 4.92853e-05 8.33104e-05 0.000114001 0.000107112 9.6269e-05 7.79984e-05 5.37804e-05 3.87417e-05 2.87675e-05 
-0.00055764 -0.00056065 -0.000475225 -0.000352344 -0.000201528 -3.56396e-05 6.82481e-05 0.000130238 0.000133881 0.00010625 8.30195e-05 6.9436e-05 6.91898e-05 7.58946e-05 7.783e-05 8.33218e-05 0.000100897 9.15366e-05 6.49449e-05 3.89957e-05 3.03121e-05 1.60968e-05 -4.29355e-07 -4.19051e-05 
-0.00046266 -0.000407963 -0.000311128 -0.000172838 -2.43116e-05 9.48817e-05 0.000152777 0.000147583 0.000130568 0.000117041 0.000109361 0.000106354 0.0001028 0.000103463 9.20716e-05 8.42935e-05 9.3192e-05 7.07463e-05 2.88855e-05 4.90708e-05 3.09035e-05 -6.11793e-06 -3.94892e-05 -5.66105e-05 
-0.000302651 -0.000244424 -0.000154899 -3.54832e-05 5.16134e-05 0.000164122 0.000183394 0.000163082 0.000145257 0.000130273 0.00012582 0.000128847 0.000127092 0.000111664 8.94751e-05 9.59937e-05 9.90999e-05 6.58276e-05 7.20616e-05 0.00010963 8.31758e-05 4.56545e-05 4.30175e-05 4.57302e-05 
-0.000140757 -7.33643e-05 -2.54974e-05 2.00935e-05 0.000136491 0.000212291 0.000213073 0.000195126 0.000182211 0.000170191 0.000164745 0.000159687 0.000143753 0.000110375 8.92122e-05 0.000102033 0.000113015 0.000104265 0.00013971 0.000171272 0.000152091 0.000125871 9.70998e-05 8.49722e-05 
-2.44044e-05 -1.46187e-05 2.43912e-05 0.000106086 0.00018509 0.00022882 0.0002212 0.000214849 0.000205175 0.000194573 0.000186365 0.000176992 0.00015708 0.000118821 9.0689e-05 9.65758e-05 0.000111299 0.000123859 0.000148399 0.000151335 9.25069e-05 7.70581e-05 5.71859e-05 4.17699e-05 
2.51962e-05 5.86006e-05 9.91721e-05 0.000152123 0.000199694 0.000209581 0.000201177 0.000197389 0.000193493 0.000186341 0.000179459 0.000170687 0.000154291 0.000120321 8.52122e-05 8.42283e-05 0.000101889 0.000109974 0.000101142 4.71688e-05 2.3734e-05 -2.3123e-05 -6.8753e-05 -9.37439e-05 
8.84002e-05 0.000112294 0.000139416 0.000166846 0.000181587 0.000177732 0.000170724 0.00016669 0.000172619 0.000174238 0.000166296 0.000157972 0.000139807 0.000120284 9.52281e-05 9.59591e-05 0.000104557 9.68866e-05 3.03212e-05 1.84689e-05 -2.65879e-05 -6.26153e-05 -8.01194e-05 -7.73977e-05 
9.66219e-05 0.000127646 0.000157256 0.000172707 0.00017545 0.000163009 0.000153379 0.000150365 0.000153364 0.000156183 0.000145086 0.000130993 0.000113375 9.66168e-05 8.38586e-05 7.71181e-05 6.77755e-05 2.06079e-05 3.91542e-07 -2.30692e-05 -5.62802e-05 -6.46233e-05 -8.52216e-05 -8.60831e-05 
8.94236e-05 0.000115819 0.000139782 0.000147581 0.000135423 0.000125381 0.000117491 0.000111918 0.000100954 8.63557e-05 7.80695e-05 6.93665e-05 6.39704e-05 5.83915e-05 4.99629e-05 3.0324e-05 7.32481e-06 -1.21163e-05 -3.23849e-05 -7.5626e-05 -0.000117093 -0.000138455 -0.000153775 -0.000148303 
2.93666e-05 4.30808e-05 5.48582e-05 5.61257e-05 5.11654e-05 5.03611e-05 4.78811e-05 4.25339e-05 2.94543e-05 1.64289e-05 2.37031e-05 1.94421e-05 1.21754e-05 7.77948e-06 -5.5896e-06 -5.35433e-06 -9.78067e-06 -3.16595e-05 -8.93342e-05 -0.000129467 -0.000176178 -0.000193855 -0.000197934 -0.00017435 
2.18622e-05 3.56166e-05 4.64023e-05 4.29705e-05 4.14042e-05 4.80526e-05 4.06784e-05 3.61857e-05 3.03228e-05 2.39291e-05 1.62995e-05 1.64823e-06 -4.1132e-06 -6.47779e-06 -1.43818e-05 -6.35059e-06 -1.50208e-05 -7.18041e-05 -0.000124424 -0.00016711 -0.0002053 -0.000206421 -0.000205529 -0.000175483 
9.611e-05 0.000109932 0.000131262 0.000126625 0.000110091 9.69075e-05 7.55249e-05 7.33339e-05 9.21677e-05 0.000105327 9.30112e-05 7.35029e-05 6.33595e-05 5.69772e-05 4.60579e-05 3.54795e-05 -1.90545e-06 -6.37323e-05 -0.000118013 -0.000176453 -0.000200092 -0.000203185 -0.000192797 -0.000164084 
3.69349e-05 4.85435e-05 6.40708e-05 5.91297e-05 4.94079e-05 3.61656e-05 2.20851e-05 2.41724e-05 4.15536e-05 5.52736e-05 7.27619e-05 6.32783e-05 5.10263e-05 5.07528e-05 3.61219e-05 1.02053e-05 -2.94787e-05 -9.60181e-05 -0.000180747 -0.000223038 -0.000224774 -0.000207362 -0.000194026 -0.000158263 
-7.84778e-06 1.09417e-05 2.37578e-05 1.77153e-05 2.12398e-05 9.27303e-06 -7.08746e-07 -5.51645e-07 7.9473e-06 1.54356e-05 3.18764e-05 3.01171e-05 2.25274e-05 1.48463e-05 1.30749e-05 -1.47219e-05 -7.42661e-05 -0.000132754 -0.00018691 -0.00020339 -0.000192822 -0.000178376 -0.000156955 -0.000121121 
-5.08407e-05 -4.5772e-05 -3.08156e-05 -2.14042e-05 -1.70853e-05 -1.96371e-05 -1.97223e-05 -1.05015e-05 -7.13028e-07 1.14191e-05 1.37067e-05 7.62968e-06 1.54747e-05 1.05383e-05 -5.70525e-06 -3.70576e-05 -6.70474e-05 -0.000108728 -0.000149139 -0.000156815 -0.000147406 -0.000133008 -0.000115699 -8.65526e-05 
