-4.24151e-05 -4.47425e-05 -3.72522e-05 -1.8094e-05 2.09887e-05 0.000130466 0.000218491 0.000334993 0.000459675 0.000548916 0.000595597 0.000587369 0.000560435 0.00051571 0.000436084 0.000341637 0.000251788 0.000154618 8.20725e-05 4.77481e-05 3.3504e-05 3.1618e-05 2.91183e-05 2.73857e-05 
-1.55138e-05 -1.91195e-05 -1.37305e-05 -9.4478e-06 3.6072e-05 0.000168855 0.000318695 0.000394753 0.000455112 0.000491938 0.00049404 0.000478218 0.00044183 0.000417402 0.000356585 0.000294906 0.000267339 0.000221072 0.000171611 0.000131782 0.000102808 9.76229e-05 9.58355e-05 9.33384e-05 
-2.46251e-05 -2.77853e-05 -2.61895e-05 -1.31613e-05 3.53692e-05 0.000118366 0.000162614 0.000153658 0.000124026 8.89953e-05 8.64798e-05 7.29333e-05 0.00010951 0.000198843 0.00024125 0.000257524 0.000245525 0.000197468 0.000227857 0.000278918 0.000319758 0.000319696 0.000299304 0.000291349 
1.22928e-05 1.21044e-05 -4.96757e-06 -5.31968e-05 -3.5013e-05 -3.03373e-05 -5.68241e-05 -0.000110446 -0.000128408 -9.54596e-05 -1.91127e-05 5.04307e-05 9.03675e-05 8.75476e-05 7.24082e-05 7.11383e-05 0.000162437 0.000204532 0.000199904 0.000268674 0.000324773 0.000334282 0.00029134 0.000246302 
4.77621e-05 3.99817e-05 5.55728e-07 -6.80574e-05 -9.1365e-05 -0.000135852 -0.000197292 -0.00026308 -0.000369648 -0.000431918 -0.00040712 -0.000330825 -0.000259029 -0.000221002 -0.000174419 -5.49225e-05 6.23007e-05 0.000157728 0.000172353 0.000222708 0.00030065 0.000289283 0.000238727 0.000162038 
6.64652e-05 6.72954e-05 3.80944e-05 -3.23409e-05 -6.22327e-05 -8.70936e-05 -0.000164945 -0.000305458 -0.000496978 -0.000680228 -0.000744713 -0.000758724 -0.000682265 -0.0005971 -0.000532285 -0.000377972 -0.000127954 6.43734e-05 0.000179585 0.000187473 0.000306593 0.00035595 0.000347322 0.000352558 
8.52667e-05 9.7094e-05 0.000105958 8.17822e-05 2.24726e-05 -5.95559e-05 -0.000137657 -0.000228329 -0.000344731 -0.000503115 -0.000541445 -0.000522718 -0.000528126 -0.000519347 -0.000486987 -0.000413888 -0.000214796 1.13434e-05 0.000119178 0.000195409 0.000293325 0.000349111 0.000314227 0.000303282 
3.58773e-05 3.7582e-05 3.93534e-05 1.29354e-05 -8.06517e-06 -7.01343e-05 -0.000166034 -0.000225007 -0.000346416 -0.000496204 -0.000580296 -0.000592744 -0.000592883 -0.000533626 -0.000452967 -0.000338439 -0.000106626 5.80876e-05 0.000125263 0.000144081 0.000211869 0.000307763 0.000332661 0.000275689 
2.94434e-05 1.86885e-05 8.15645e-06 -3.84883e-05 -4.67265e-05 -7.06186e-05 -0.00016392 -0.000244451 -0.000331539 -0.000510844 -0.000616153 -0.000594091 -0.000622331 -0.000596635 -0.000512859 -0.000356128 -0.000107815 4.44842e-06 6.95127e-05 4.36095e-05 4.00091e-05 7.72812e-05 9.66636e-05 0.000102657 
2.56179e-05 2.06683e-05 1.97484e-05 4.47097e-06 4.9372e-07 -5.35679e-05 -0.000122647 -0.000181988 -0.000258499 -0.000363009 -0.00039977 -0.00042946 -0.000453551 -0.000476337 -0.000446652 -0.000373424 -0.000371145 -0.000342615 -0.000237211 -0.000186196 -9.3501e-05 -1.65995e-05 2.37118e-05 7.4938e-05 
-1.45026e-06 -1.02713e-05 -4.75226e-06 -3.80952e-06 -3.43514e-05 -8.9109e-05 -0.00018327 -0.000257409 -0.00027799 -0.000274945 -0.000293842 -0.000355186 -0.000415197 -0.000446542 -0.000451364 -0.000560555 -0.000611743 -0.000665258 -0.000660233 -0.000513026 -0.000327304 -0.000141717 3.23193e-06 3.42448e-05 
-1.36593e-05 -2.67153e-05 -1.38949e-05 2.42808e-05 6.14834e-05 4.13131e-05 -2.007e-05 -0.000112886 -0.000179532 -0.000211662 -0.000303762 -0.000421291 -0.000527152 -0.000597226 -0.000665224 -0.000776109 -0.00092646 -0.000961857 -0.000913166 -0.000787309 -0.000599349 -0.000415086 -0.00024349 -0.000115571 
2.83937e-05 3.90537e-05 7.51949e-05 5.29361e-05 4.79922e-05 3.63531e-05 -2.90874e-05 -0.000155432 -0.000297093 -0.000418882 -0.000542873 -0.000677116 -0.0007419 -0.000782484 -0.000824565 -0.000903096 -0.000955915 -0.00093959 -0.000856872 -0.000724499 -0.00055023 -0.000383251 -0.000245773 -0.000134255 
2.09827e-05 7.92608e-06 1.96953e-06 2.45913e-05 4.40747e-05 9.81529e-06 -2.65157e-05 -0.000134079 -0.000311169 -0.000489514 -0.00069116 -0.000827273 -0.000914976 -0.000979044 -0.000982416 -0.000978215 -0.000928914 -0.00082384 -0.000681091 -0.000516195 -0.000361009 -0.000236471 -0.000130231 -4.85297e-05 
7.19245e-05 9.30899e-05 0.000124399 0.000128335 8.3937e-05 3.51242e-05 2.80345e-05 -7.02616e-06 -0.000212762 -0.000437857 -0.000675424 -0.000836058 -0.000928749 -0.000931627 -0.000879739 -0.000810998 -0.00075025 -0.000671538 -0.000541329 -0.000402382 -0.00026604 -0.00015154 -5.80647e-05 3.15462e-06 
6.77288e-05 8.94779e-05 6.56608e-05 5.25215e-07 -8.96683e-06 4.38826e-05 2.73717e-05 -0.000115364 -0.000310531 -0.000476135 -0.000636849 -0.000673327 -0.000646804 -0.000574873 -0.000494899 -0.000430592 -0.000377111 -0.000320095 -0.000234379 -0.000133182 -4.77727e-05 -2.02922e-05 -8.04924e-07 1.18589e-05 
4.5268e-06 -2.01123e-05 -1.9726e-05 2.08011e-05 3.27714e-05 1.09651e-05 -6.31842e-05 -0.000260457 -0.000419542 -0.000524695 -0.000471817 -0.000373791 -0.000233587 -9.80347e-05 -1.80488e-05 3.60604e-05 8.40615e-05 0.000123114 0.000153703 0.000171248 0.00017429 0.000160871 0.000127174 8.62717e-05 
3.18892e-05 4.07419e-05 0.000120981 0.000108043 3.08129e-05 -7.11642e-05 -0.000241136 -0.000393757 -0.00051887 -0.000460902 -0.000285656 3.31497e-05 0.000219762 0.000317465 0.00034904 0.000362974 0.000375691 0.000366741 0.000321367 0.000270283 0.000222066 0.000181354 0.000140855 9.88485e-05 
6.93484e-05 0.000148333 0.000168649 0.000104558 -8.191e-05 -0.000267684 -0.000471465 -0.000603853 -0.000511026 -0.000314417 6.97069e-05 0.000269553 0.000382784 0.000429122 0.000451484 0.000458389 0.000458492 0.0004502 0.000420125 0.000381002 0.000336388 0.000291016 0.000237618 0.000183603 
8.13061e-05 9.34811e-05 3.29179e-05 -0.000167728 -0.000419794 -0.000673118 -0.000779068 -0.000677019 -0.000385992 2.22545e-05 0.000300457 0.000478153 0.000509859 0.000489997 0.000446302 0.000413542 0.000407474 0.000414679 0.00040581 0.000387477 0.000353394 0.000304285 0.000247934 0.000194133 
-1.12863e-05 -9.63626e-05 -0.000339202 -0.000582543 -0.000766903 -0.000858163 -0.000743384 -0.000451595 -2.60679e-05 0.000242238 0.000413984 0.000437178 0.000382219 0.000320791 0.000295027 0.000295896 0.000296766 0.000310984 0.000335385 0.000352691 0.000347627 0.000302538 0.000241335 0.000191531 
-9.88195e-05 -0.000339731 -0.000595425 -0.000821067 -0.000913823 -0.000759365 -0.000452073 -5.36281e-05 0.000273466 0.000379203 0.000400448 0.000335898 0.000318708 0.000315173 0.000267705 0.000244718 0.000283081 0.000320864 0.000330153 0.000320107 0.000304473 0.000266938 0.000220742 0.000167257 
-0.000226852 -0.000486887 -0.000707616 -0.000839865 -0.000730711 -0.000377721 -2.95209e-05 0.000317982 0.000406396 0.000397805 0.000371833 0.000361253 0.000357036 0.000350423 0.000299756 0.000272589 0.000270633 0.000245057 0.000220511 0.000204896 0.000193937 0.000177504 0.000146303 0.000104787 
-0.000376286 -0.000577751 -0.000687236 -0.000595429 -0.000353448 -9.16771e-06 0.000292008 0.000384819 0.00035366 0.000308692 0.000307141 0.00030159 0.000307215 0.000296896 0.000303369 0.000302123 0.000262972 0.000251476 0.00024646 0.000237159 0.000203943 0.000171357 0.000127959 8.01951e-05 
-0.000474849 -0.000554673 -0.000446195 -0.000261351 1.35982e-05 0.000269477 0.000394641 0.00038362 0.000266565 0.000226616 0.000230137 0.000245081 0.000255437 0.000265831 0.000295276 0.000291342 0.000251849 0.000224613 0.000188537 0.000158143 0.000138773 0.000127626 0.00010446 7.31326e-05 
-0.000419993 -0.000315567 -0.000126913 4.38059e-05 0.000187197 0.000337919 0.000366258 0.000318224 0.000275976 0.000249555 0.000231924 0.000228322 0.000239754 0.000249536 0.00023263 0.000211371 0.000171432 0.000135695 9.14524e-05 9.03056e-05 0.000103638 7.84627e-05 6.70407e-05 6.26918e-05 
-0.00021797 -5.70412e-05 7.64853e-05 0.000183348 0.000309254 0.000315166 0.000295202 0.000292581 0.000273438 0.000259662 0.000255642 0.000251105 0.000237745 0.000226825 0.000180087 0.000127427 0.000106339 7.26471e-05 4.27642e-05 6.16581e-05 5.19056e-05 2.47377e-05 3.64492e-05 6.76314e-05 
-2.70665e-05 7.68515e-05 0.000171527 0.000288067 0.000300785 0.000264679 0.000289776 0.000270565 0.000262358 0.000261552 0.000266481 0.000261734 0.0002362 0.000195043 0.000150585 0.000123854 0.000111373 6.28216e-05 6.17928e-05 6.45905e-05 3.75044e-05 4.21127e-05 6.67039e-05 8.06394e-05 
0.000110354 0.000181685 0.000228281 0.000265411 0.000262483 0.000270993 0.000277131 0.000278941 0.000276068 0.000274203 0.000277407 0.000281333 0.000263567 0.000197212 0.000157874 0.000138712 0.000131316 9.39769e-05 8.48607e-05 7.41984e-05 0.000110591 0.000148071 0.000147678 0.000166413 
0.000183946 0.00019338 0.000214055 0.00023392 0.000258292 0.000275412 0.000285552 0.000297729 0.000298539 0.000293069 0.000291683 0.000291536 0.000284436 0.000224883 0.000178904 0.000150395 0.000125857 0.000110801 7.22057e-05 0.00010512 0.000191977 0.000278741 0.000274384 0.000271239 
0.00019719 0.000196378 0.000218726 0.00024148 0.000255915 0.000270368 0.000283967 0.000298934 0.000307315 0.000305575 0.000302149 0.000292456 0.000272658 0.000222196 0.000187704 0.000154664 0.000119943 7.97879e-05 4.92066e-05 0.000126126 0.000235582 0.000241476 0.00019121 0.000148066 
0.000200998 0.00021781 0.000241452 0.000253725 0.000256021 0.000264202 0.000275745 0.000282702 0.000295024 0.000301337 0.000292829 0.000274463 0.000243563 0.000202532 0.000169986 0.000138845 0.000103095 5.61188e-05 3.44195e-05 6.91576e-05 0.000133654 0.00021274 0.000211788 0.000167697 
0.000225073 0.000244657 0.000260233 0.000267938 0.000270193 0.000271325 0.000274425 0.000280158 0.000285763 0.000288525 0.000282391 0.00026727 0.000231224 0.000189548 0.00016337 0.000144252 0.000120811 0.000105348 8.77146e-05 8.58442e-05 0.000109065 0.000123819 6.37633e-05 1.6864e-05 
0.000207214 0.000243701 0.000276144 0.000285594 0.000282799 0.000285351 0.000284015 0.000284471 0.000288247 0.000284162 0.000274187 0.000258534 0.000230759 0.000211309 0.000192968 0.000172024 0.000192744 0.000201547 0.000168038 9.93686e-05 1.55895e-05 -6.58614e-05 -0.000147366 -0.000122356 
0.000197076 0.000230422 0.000256167 0.000272926 0.000281733 0.000281818 0.000265784 0.000259643 0.000252905 0.000238623 0.000233408 0.000217607 0.00020374 0.000195688 0.000194076 0.00018694 0.000220298 0.000219935 0.000190675 0.000106839 -9.17331e-06 -8.35719e-05 -0.00013757 -0.000132098 
0.000159537 0.00019334 0.000231079 0.000234155 0.000201652 0.000174653 0.000168182 0.000172983 0.000171305 0.000168098 0.000158245 0.000164465 0.000167458 0.00016514 0.000169661 0.000192482 0.000199343 0.000176729 0.000129154 7.72557e-05 -1.59404e-05 -6.98445e-05 -0.000103386 -9.59318e-05 
9.13857e-05 0.000130256 0.000156123 0.000143076 9.89364e-05 7.4109e-05 8.34595e-05 0.000103615 0.000109846 0.000113423 0.000117658 0.00013514 0.000157442 0.000152388 0.000145447 0.000157648 0.000151863 0.000138421 7.92112e-05 -4.37782e-07 -5.45828e-05 -7.92377e-05 -8.46083e-05 -6.92816e-05 
4.04732e-06 2.26464e-05 3.92819e-05 4.76507e-05 7.50651e-05 8.98193e-05 8.51442e-05 0.000101487 0.000108512 0.000109243 0.000106959 0.000104784 0.000105092 0.000108027 9.92574e-05 0.000109041 8.77527e-05 3.24128e-05 -3.02778e-05 -4.62311e-05 -6.12836e-05 -6.19367e-05 -5.62672e-05 -5.15754e-05 
-1.93669e-05 -9.08277e-06 -3.52919e-06 -1.13447e-05 6.65323e-06 2.78011e-05 3.8753e-05 4.85576e-05 5.05374e-05 6.05163e-05 4.72232e-05 5.04663e-05 6.86907e-05 6.84227e-05 5.6191e-05 5.82055e-05 9.021e-05 7.38934e-05 3.51644e-05 2.9092e-05 2.28582e-06 -3.31091e-05 -6.24595e-05 -6.49709e-05 
4.8001e-05 6.29978e-05 7.56401e-05 7.59557e-05 9.19234e-05 0.000117153 0.000140774 0.00015682 0.000158444 0.000123688 8.62871e-05 8.11917e-05 8.7091e-05 7.3597e-05 9.15865e-05 0.000120412 0.000122607 9.83345e-05 6.85057e-05 4.62716e-05 2.77045e-05 2.4879e-05 1.021e-05 2.35184e-06 
