0.000307697 0.00035285 0.000369823 0.000346962 0.000303783 0.000278726 0.000166189 7.31775e-05 5.8799e-05 7.51494e-05 8.00542e-05 7.76521e-05 6.8581e-05 3.69168e-05 6.59802e-06 -1.23205e-05 -2.01995e-05 -2.60924e-05 -1.63181e-05 3.23272e-05 4.76567e-05 3.88955e-05 3.15427e-05 2.55266e-05 
0.000345043 0.000391339 0.000410573 0.000413854 0.000422297 0.000445509 0.000425054 0.000379028 0.000371933 0.000407141 0.000406912 0.000369756 0.000321828 0.000293219 0.000248016 0.000166929 8.4596e-05 3.25729e-05 -2.06577e-05 -1.98884e-05 -7.66449e-06 -3.1584e-06 -5.48435e-06 -9.22062e-06 
0.000294509 0.000326988 0.000373211 0.000493346 0.000569043 0.000662873 0.000731791 0.000778084 0.000855908 0.000974565 0.00107465 0.00102255 0.000910523 0.000783524 0.000653259 0.000511249 0.000371583 0.000218341 8.11e-05 -1.17077e-05 -2.76443e-05 8.8947e-06 2.48434e-05 2.23586e-05 
0.000282359 0.00031825 0.000384746 0.00057005 0.000734505 0.000865503 0.00102731 0.00120216 0.00135945 0.00149084 0.00159693 0.00162576 0.00149055 0.00133989 0.00117752 0.000963268 0.000714809 0.000458133 0.000259133 0.000161864 0.00014595 0.000171982 0.000181642 0.000168661 
0.000320888 0.0003626 0.000455109 0.000652847 0.000886878 0.00111722 0.00132962 0.00156614 0.00172446 0.00182473 0.00183838 0.00179348 0.00165264 0.00152606 0.00140286 0.001269 0.00106003 0.000755551 0.000532058 0.000413686 0.000410562 0.000444699 0.000411044 0.000363955 
0.000287568 0.000339316 0.000437185 0.000617901 0.000878719 0.00109287 0.00133439 0.0015266 0.00170614 0.00184819 0.00184589 0.00181488 0.00177276 0.00170304 0.00156518 0.00146149 0.00133512 0.00109708 0.000883243 0.000847878 0.000832063 0.000857295 0.000750738 0.000630961 
0.000240684 0.000289325 0.000383404 0.000563716 0.000754947 0.000985312 0.00125728 0.00145808 0.00166076 0.00178809 0.00187729 0.00191823 0.00187934 0.0019068 0.00191592 0.00177473 0.00161378 0.0014039 0.00124981 0.00125675 0.00126269 0.00127259 0.00117915 0.00107961 
0.000168218 0.000203497 0.000267004 0.000371122 0.000589484 0.000885357 0.00112893 0.00134179 0.00158076 0.00170327 0.00175457 0.00174524 0.00178356 0.00185619 0.00193074 0.00189137 0.00171726 0.00153132 0.00147102 0.00152809 0.00150863 0.00142286 0.00125763 0.00109886 
0.000137522 0.000169721 0.000214482 0.000304935 0.000551933 0.000838722 0.00101323 0.0011948 0.00136746 0.0015181 0.00169879 0.0017736 0.00173646 0.00177575 0.00188018 0.00189092 0.00173689 0.00162886 0.00163687 0.00170561 0.00168834 0.00159623 0.00139172 0.00111517 
0.000102805 0.000131549 0.000166802 0.000227098 0.000365153 0.000484447 0.000616122 0.000815237 0.00103718 0.00121089 0.00149287 0.00167796 0.00174844 0.0018008 0.00185806 0.00188868 0.00174505 0.00162798 0.00159926 0.00164174 0.00172498 0.00163395 0.00141216 0.00113091 
0.00011526 0.000141797 0.000155669 0.00017572 0.000238872 0.000353742 0.000573805 0.000778191 0.000970848 0.00129487 0.00153851 0.00177066 0.00186458 0.00189454 0.0019079 0.00192422 0.0018387 0.00171185 0.00167067 0.00167632 0.00165832 0.00159724 0.00142741 0.00119478 
0.000107604 0.000138908 0.000157964 0.00018096 0.000281987 0.000496659 0.000732264 0.000957602 0.0012505 0.00157234 0.00176686 0.00186996 0.0018549 0.00187633 0.00188712 0.00181602 0.00171067 0.00164318 0.00159274 0.00157932 0.00156896 0.00145464 0.00125445 0.00101936 
0.00013383 0.000171333 0.000213693 0.000250894 0.000398842 0.000605358 0.000843517 0.00107172 0.001353 0.00156518 0.00168413 0.00167287 0.00161777 0.00157035 0.00152113 0.00144768 0.00135086 0.00130123 0.00127345 0.00126089 0.00125949 0.00119477 0.00104939 0.000855844 
0.000102027 0.000135504 0.000187299 0.000261845 0.000432436 0.000641102 0.000866761 0.00104913 0.0012206 0.0012803 0.00124501 0.00125919 0.001227 0.00115022 0.00106335 0.000923078 0.000821342 0.000817945 0.00084073 0.000853645 0.000832984 0.000762291 0.00066834 0.000573226 
7.35793e-05 8.71629e-05 0.000134034 0.000276064 0.000542666 0.000800998 0.00106845 0.00123845 0.00130474 0.00124663 0.00119571 0.00114103 0.00098288 0.000862583 0.000785672 0.00072882 0.000689657 0.000684037 0.000696969 0.00070635 0.000688209 0.000626439 0.000539186 0.000442438 
5.92002e-05 0.000126528 0.000258833 0.00051604 0.000787692 0.00111874 0.0013731 0.00150353 0.00142897 0.00136814 0.00125346 0.00102583 0.000838654 0.000706317 0.000644078 0.000638328 0.000632641 0.000625519 0.000648524 0.000677029 0.000673809 0.00063228 0.000551628 0.00045493 
0.000132572 0.000338641 0.000571003 0.000855299 0.00118901 0.00147307 0.00161926 0.00156773 0.00142927 0.00128349 0.00106709 0.000848374 0.000709044 0.000624224 0.000596999 0.000606261 0.000616419 0.000622697 0.000637658 0.000639037 0.000624244 0.000573254 0.000478163 0.000374544 
0.000257562 0.000522657 0.000853518 0.00119446 0.00153776 0.00173786 0.00171178 0.0015249 0.00134963 0.00113741 0.000866543 0.000707832 0.000628252 0.000590648 0.000588694 0.000534332 0.000470884 0.000418701 0.000405444 0.000395965 0.000370813 0.00032847 0.000277693 0.000230674 
0.000405911 0.000772219 0.00113878 0.0015306 0.0017643 0.00174345 0.0015701 0.00143914 0.00125752 0.000955619 0.000779015 0.000655371 0.000608699 0.000585436 0.000566789 0.000492347 0.00041335 0.000346741 0.000308943 0.000275435 0.000226188 0.000169653 0.000114634 7.59033e-05 
0.00060315 0.00101537 0.00141166 0.00161732 0.00161616 0.00154298 0.00144432 0.00130942 0.00107969 0.000912336 0.000771262 0.000707071 0.000635489 0.00056091 0.000546358 0.000542886 0.000520562 0.000454625 0.000383255 0.000310321 0.000238155 0.000192897 0.000150912 0.000116512 
0.000803159 0.00120457 0.00143308 0.0015253 0.00152079 0.00143589 0.00129129 0.00105943 0.000946469 0.000861646 0.000768814 0.000678499 0.000675086 0.00063243 0.000572548 0.00051055 0.000444924 0.000382603 0.00032914 0.00027872 0.000231794 0.000186425 0.000143509 9.72512e-05 
0.000968232 0.00119469 0.0013462 0.00144925 0.00142063 0.00126191 0.000989765 0.000853261 0.000834935 0.000751552 0.000675277 0.000710009 0.000677844 0.000582317 0.000506965 0.000448969 0.000375226 0.000302936 0.000257276 0.000222105 0.000180941 0.000149744 0.000119924 9.54582e-05 
0.0010011 0.00115906 0.00128559 0.0013442 0.00119765 0.000927081 0.000701285 0.000691807 0.000621314 0.000541898 0.000603506 0.000607202 0.000542585 0.00045159 0.000343376 0.000248682 0.000209748 0.000201382 0.000188966 0.000148875 0.000116311 8.13639e-05 5.25487e-05 3.75062e-05 
0.000996364 0.00109656 0.00115563 0.00106809 0.000835454 0.000579273 0.000507866 0.000532091 0.000475826 0.000512238 0.000525499 0.000491063 0.000443473 0.000375275 0.000267672 0.000191517 0.000182169 0.000194352 0.000163278 0.000142439 0.000128948 0.000107172 8.17098e-05 5.97188e-05 
0.000954873 0.000995237 0.00100108 0.000856977 0.000607318 0.000465606 0.000441927 0.00040749 0.000431126 0.000432305 0.000430543 0.000401906 0.000371891 0.000315914 0.000224077 0.000187858 0.000187978 0.000203225 0.000181973 0.000162404 0.000149795 0.000141526 0.000128348 0.00011986 
0.000734764 0.000755456 0.000767662 0.000668312 0.000591757 0.000505349 0.000469477 0.000494906 0.000479881 0.00044971 0.000431172 0.00040124 0.000384647 0.000327492 0.000271887 0.000249041 0.00026334 0.000249229 0.000219753 0.000142105 0.000112063 0.000136446 0.000139558 0.000118859 
0.000430566 0.000482366 0.00052253 0.00054309 0.000560672 0.000572419 0.000589413 0.000537724 0.000491278 0.000458644 0.000438 0.000412494 0.000377148 0.000331518 0.000287797 0.000280379 0.000288279 0.000240779 0.000161674 9.41722e-05 9.25441e-05 0.000116331 0.000100734 9.73107e-05 
0.00030982 0.000406828 0.000510247 0.000534634 0.000584142 0.00067306 0.000639328 0.000555197 0.000514107 0.000483782 0.000467301 0.000429903 0.000384141 0.000329623 0.000287265 0.000318033 0.000302326 0.000212946 0.000125262 0.000138345 0.000237636 0.000270261 0.000285267 0.000269763 
0.000305468 0.000429539 0.000521923 0.000554363 0.000650277 0.00072712 0.00067259 0.000613726 0.000578155 0.00054964 0.000517446 0.000451397 0.000367924 0.000307147 0.000283405 0.000329053 0.000303419 0.000198122 0.000160054 0.000312181 0.000426723 0.000451709 0.000456259 0.000466295 
0.000304009 0.000416023 0.000514425 0.000600807 0.00066513 0.000683481 0.000649763 0.000628475 0.000599238 0.000566925 0.000519937 0.00044791 0.000370518 0.000301529 0.000279371 0.000315378 0.000286067 0.000197523 0.000248459 0.000431437 0.000479122 0.000549564 0.000588587 0.000567552 
0.000238119 0.000365195 0.000486797 0.000557774 0.000585152 0.000575501 0.000580469 0.000582768 0.000558223 0.00051929 0.000475251 0.000426183 0.000387483 0.000342958 0.0003129 0.000314097 0.000264946 0.000236976 0.000383571 0.000505261 0.000567989 0.000577455 0.000564124 0.000514005 
0.000224428 0.000310321 0.00039253 0.000456363 0.000473244 0.000472626 0.00049501 0.000505693 0.000480357 0.000445294 0.000414986 0.000387115 0.000372392 0.00036045 0.000343804 0.000322373 0.000290342 0.000339029 0.000460403 0.000597606 0.000583686 0.000533284 0.000565933 0.00053872 
0.00015632 0.000235705 0.000326934 0.000377114 0.000383694 0.000390998 0.000410489 0.000422718 0.000400747 0.000367997 0.000338413 0.000336798 0.000340264 0.000334867 0.000319254 0.000284793 0.000278436 0.000346859 0.000530563 0.000593152 0.000532893 0.000599353 0.000625486 0.000540734 
0.000138699 0.000197181 0.000252102 0.000288513 0.00032636 0.000361285 0.000384716 0.000392551 0.00036872 0.000328637 0.00030158 0.000289429 0.000296475 0.000302297 0.00029177 0.000252578 0.000258646 0.000389837 0.000534948 0.000583938 0.000608472 0.000634149 0.000590789 0.000431089 
0.000134813 0.000190608 0.000254228 0.000299866 0.000317385 0.000335436 0.00035284 0.000347748 0.00031911 0.000304139 0.000300164 0.000297606 0.000298501 0.000297462 0.000269459 0.00023097 0.00027737 0.00041416 0.000531345 0.000614668 0.000700267 0.000709048 0.000614442 0.000440905 
0.000144231 0.000188032 0.000228507 0.000258013 0.000307783 0.000350723 0.000359628 0.000352792 0.000329928 0.00030834 0.000292115 0.000281943 0.000257612 0.000240009 0.000201959 0.000189617 0.000323808 0.000449481 0.000552356 0.000641577 0.000637992 0.000620084 0.000531766 0.000395196 
0.000183138 0.000243668 0.00031008 0.000366402 0.000413274 0.000475056 0.000511188 0.00050976 0.000491151 0.000473179 0.000398475 0.000352826 0.00031385 0.000289848 0.00025782 0.000294569 0.000354511 0.000389948 0.000467636 0.000500347 0.000460844 0.000403973 0.000328554 0.00024718 
0.000150317 0.000199258 0.000267922 0.000385818 0.00049838 0.000570369 0.000596368 0.000611006 0.000611189 0.000597955 0.000527584 0.000426081 0.000346663 0.000314544 0.00029112 0.000297469 0.000299022 0.000353552 0.000386996 0.000388624 0.000326366 0.000273814 0.000214466 0.000155934 
0.000145607 0.000172973 0.000231527 0.000338483 0.000438624 0.000508811 0.000541739 0.000553786 0.00055801 0.000548764 0.000480013 0.000388555 0.000343864 0.000318731 0.000282635 0.000290425 0.000312529 0.000368768 0.000333827 0.000286148 0.000238072 0.000216776 0.000176388 0.000131206 
9.08561e-05 9.23258e-05 0.000130284 0.000182876 0.000265628 0.000341485 0.000382143 0.000388287 0.000378681 0.000346928 0.00032145 0.000282749 0.000257256 0.000241623 0.00021527 0.000203702 0.000276078 0.000310418 0.000278942 0.000241771 0.000165432 9.58597e-05 4.72201e-05 1.95864e-05 
