-0.000121192 -0.00013705 -0.000139759 -0.00012531 -8.94329e-05 -7.03371e-05 -5.56842e-05 -6.84422e-05 -7.67485e-05 -7.61925e-05 -9.34076e-05 -0.000103228 -0.00010048 -9.3686e-05 -9.25177e-05 -8.98516e-05 -8.12921e-05 -6.1152e-05 -3.86635e-05 -3.30134e-05 -3.30275e-05 -2.5287e-05 -1.97839e-05 -1.44763e-05 
-0.000127461 -0.000142652 -0.000147562 -0.000135386 -0.000105176 -8.39584e-05 -5.97166e-05 -1.59103e-05 1.96049e-05 2.57513e-05 7.32194e-06 -6.37042e-06 -3.05589e-05 -3.12926e-05 -1.41798e-05 -1.35179e-05 -2.39389e-05 -3.52062e-05 -6.10421e-05 -6.18977e-05 -5.423e-05 -4.67168e-05 -3.91654e-05 -3.06187e-05 
-0.00012585 -0.000139221 -0.000150655 -0.000152874 -0.000149686 -0.0001527 -0.000146236 -0.0001154 -8.64244e-05 -2.94774e-05 3.04849e-05 5.86457e-05 7.40611e-05 3.04766e-05 -7.57814e-06 -2.00994e-05 -2.10582e-05 -1.97457e-05 -1.04271e-05 -5.71897e-05 -7.65338e-05 -5.56155e-05 -5.11559e-05 -4.74159e-05 
-0.000105013 -0.000116065 -0.000137703 -0.000162011 -0.000206226 -0.000251503 -0.000290161 -0.000355888 -0.00041014 -0.000408043 -0.000388825 -0.000328196 -0.000249551 -0.000189842 -0.000170989 -0.000117223 -4.75794e-05 -2.19222e-05 -1.69083e-05 -2.46121e-05 -5.78777e-05 -5.80078e-05 -5.65981e-05 -5.54265e-05 
-9.6922e-05 -0.000103478 -0.000116937 -0.000120052 -0.000157391 -0.000241251 -0.000312003 -0.000377554 -0.000438185 -0.00048397 -0.000475911 -0.000441898 -0.000398556 -0.000345957 -0.000338601 -0.000307805 -0.000173865 -7.54657e-05 -7.14896e-05 -0.000104922 -0.000126084 -0.000129509 -0.000110141 -8.78663e-05 
-8.73135e-05 -9.54053e-05 -0.000124843 -0.000150666 -0.00017903 -0.000176777 -0.000163535 -8.99644e-05 -5.69237e-05 -2.39198e-05 -5.04301e-05 -0.000131188 -0.000222621 -0.000311932 -0.000397113 -0.000397408 -0.000322949 -0.000180343 -0.000124493 -0.000180551 -0.000215714 -0.000234734 -0.000230382 -0.000229578 
-9.24714e-05 -0.000106468 -0.000150319 -0.00019321 -0.000182008 -0.000141673 -6.70946e-05 -7.50802e-06 -7.15825e-05 -0.000139814 -0.000210806 -0.00026491 -0.000316814 -0.00039642 -0.000479806 -0.000418946 -0.000404704 -0.000297025 -0.000242409 -0.00025749 -0.000300396 -0.000324135 -0.000315841 -0.000333429 
-7.89272e-05 -9.73615e-05 -0.000121246 -0.000113222 -7.96746e-05 3.01164e-06 8.74923e-05 0.000118497 3.29198e-05 -9.66925e-05 -0.000279039 -0.000386417 -0.000424991 -0.000481337 -0.000542485 -0.000496906 -0.000493202 -0.000396058 -0.000335682 -0.000322035 -0.000311325 -0.000288745 -0.000264357 -0.000252454 
-4.18335e-05 -5.27991e-05 -6.23983e-05 4.31829e-06 5.70451e-05 8.4461e-05 0.000109293 0.000140981 5.68063e-05 -0.000126532 -0.000336765 -0.000476014 -0.000534232 -0.000593623 -0.000618811 -0.000602195 -0.000564521 -0.0004936 -0.000428827 -0.00041336 -0.000403314 -0.000349721 -0.000256903 -0.000186183 
-8.33477e-06 -9.88915e-06 -5.27627e-06 6.9893e-05 0.000126967 0.000122276 8.15153e-05 3.73659e-05 -3.1115e-05 -0.000199771 -0.000352504 -0.000460128 -0.000519127 -0.000572353 -0.000591862 -0.000582276 -0.000556514 -0.000484857 -0.000487173 -0.000538431 -0.0005734 -0.000540468 -0.000467373 -0.000384359 
-1.79942e-05 -1.45149e-05 5.43413e-06 6.65713e-05 0.00010718 9.23412e-05 4.39529e-05 -2.55325e-05 -0.000103571 -0.000198576 -0.000293193 -0.000385532 -0.000432692 -0.00048976 -0.000554227 -0.000539363 -0.000495595 -0.000459274 -0.00048294 -0.000561708 -0.000642427 -0.00063684 -0.000558725 -0.000467933 
-4.23877e-05 -5.26516e-05 -5.13768e-05 -2.39926e-05 -2.62258e-05 -7.66161e-05 -9.4213e-05 -0.000119763 -0.000167424 -0.000180833 -0.000235242 -0.000314739 -0.000359217 -0.000435255 -0.000480377 -0.000451332 -0.00040356 -0.000377485 -0.000398896 -0.000449452 -0.000500948 -0.00051118 -0.000464649 -0.000393592 
-3.32413e-05 -4.11683e-05 -5.56136e-05 -7.41481e-05 -6.71248e-05 -7.76937e-05 -0.000116266 -0.000113214 -0.000124723 -0.000135681 -0.00015904 -0.000216072 -0.000268058 -0.000282184 -0.000280726 -0.000245814 -0.000229812 -0.000207894 -0.000204364 -0.000244659 -0.000281555 -0.000292088 -0.000277039 -0.000255258 
-3.67822e-05 -5.22903e-05 -0.000102306 -9.90491e-05 -5.10768e-05 -7.09869e-05 -0.000104295 -0.000148413 -0.000202456 -0.000241405 -0.000193275 -0.000134424 -0.000107027 -9.3565e-05 -7.72428e-05 -2.85151e-06 5.66093e-05 9.04864e-05 5.45574e-05 -9.4667e-06 -7.17195e-05 -0.000117398 -0.000144345 -0.000146079 
-2.04385e-05 -5.8984e-05 -6.36892e-05 -5.3484e-05 -6.51554e-05 -0.000110724 -0.000170411 -0.000248139 -0.000302562 -0.000279374 -0.00019266 -0.000145954 -9.24112e-05 -7.27787e-05 -2.96031e-05 5.75692e-05 0.000122059 0.000140232 0.000121314 7.93191e-05 3.49488e-05 -8.36633e-07 -3.46488e-05 -6.35811e-05 
-4.8273e-05 -5.07062e-05 -6.25761e-05 -9.01246e-05 -0.000120287 -0.000175201 -0.000242352 -0.000329292 -0.000387992 -0.000395069 -0.000296425 -0.000199917 -0.00014771 -9.85607e-05 -8.97716e-05 -9.31902e-05 -9.98449e-05 -0.000115594 -0.000147323 -0.000155019 -0.000156432 -0.000160996 -0.000152987 -0.000137046 
-3.55221e-05 -5.78283e-05 -0.000103916 -0.000165243 -0.000209695 -0.000270568 -0.000348145 -0.000408351 -0.000440801 -0.000389241 -0.000301204 -0.000255147 -0.000247096 -0.000268663 -0.000304392 -0.000332782 -0.000348427 -0.000349164 -0.000340222 -0.000332702 -0.000324034 -0.000303236 -0.000255568 -0.000206198 
-2.87679e-05 -8.21816e-05 -0.000161044 -0.000246862 -0.000320234 -0.000371384 -0.000400998 -0.00043281 -0.000394519 -0.000329854 -0.000274758 -0.000267994 -0.000310928 -0.000391683 -0.000442007 -0.000491057 -0.000516937 -0.000510907 -0.000477697 -0.000432101 -0.000386507 -0.000333524 -0.000273141 -0.000214832 
-3.85622e-05 -0.000125035 -0.000223767 -0.000317155 -0.000365293 -0.000406463 -0.000327141 -0.000248793 -0.000221056 -0.000204699 -0.000256527 -0.000368129 -0.000466927 -0.000533997 -0.000588983 -0.000626109 -0.000650049 -0.000646241 -0.000619208 -0.000576042 -0.000520707 -0.000439839 -0.000341019 -0.000254937 
-9.68519e-05 -0.000198319 -0.000305672 -0.00037203 -0.000366855 -0.000278293 -0.000192906 -0.00015443 -0.000188155 -0.000279423 -0.000423759 -0.000547826 -0.000619425 -0.000647738 -0.000683001 -0.000729533 -0.000766223 -0.000744962 -0.000692889 -0.000637727 -0.000575355 -0.00048337 -0.000379485 -0.000291788 
-0.00021731 -0.0002995 -0.000377367 -0.000405814 -0.000325798 -0.000242645 -0.000231356 -0.000254622 -0.000373239 -0.000527644 -0.000625696 -0.000747277 -0.000837421 -0.00087941 -0.000883684 -0.000885728 -0.000884672 -0.000829748 -0.000743056 -0.000667877 -0.000589684 -0.000502321 -0.00039367 -0.000300756 
-0.000292181 -0.00034921 -0.000408312 -0.000383577 -0.000324668 -0.000305695 -0.000289096 -0.000392511 -0.000589748 -0.000712186 -0.000796234 -0.000902789 -0.000927428 -0.000926787 -0.000881061 -0.000827458 -0.000800349 -0.000734359 -0.000647715 -0.000598827 -0.000570914 -0.000524784 -0.000442474 -0.000354333 
-0.000305918 -0.000340649 -0.000322333 -0.000263852 -0.000247021 -0.000276033 -0.000389922 -0.000596446 -0.000769016 -0.000843469 -0.00092746 -0.000948956 -0.000929838 -0.000877322 -0.000786176 -0.000724764 -0.000654208 -0.000589848 -0.000546268 -0.000527718 -0.000501258 -0.000456516 -0.000375325 -0.000289883 
-0.000253066 -0.000221836 -0.000207213 -0.000186081 -0.000189563 -0.00030075 -0.000576317 -0.000812965 -0.000914509 -0.000996837 -0.00100199 -0.000977315 -0.000938917 -0.000840837 -0.000737323 -0.000637881 -0.000578851 -0.000536043 -0.000509081 -0.000489174 -0.0004796 -0.000431545 -0.000359362 -0.000274657 
-0.000168617 -0.000174385 -0.00019308 -0.000181785 -0.00027484 -0.000535239 -0.000770781 -0.00092461 -0.00103653 -0.00104267 -0.00101672 -0.000959797 -0.000885579 -0.000782646 -0.000667509 -0.000551369 -0.000492717 -0.000445226 -0.000438012 -0.000415938 -0.000371137 -0.000329737 -0.00027296 -0.00020886 
-9.69511e-05 -0.000117629 -0.000180218 -0.000306373 -0.000523628 -0.000723155 -0.000922503 -0.0010337 -0.0010361 -0.000968086 -0.000920094 -0.000875298 -0.00079536 -0.000690625 -0.000573542 -0.000471139 -0.000402591 -0.000367361 -0.000349303 -0.000335489 -0.000326622 -0.000306423 -0.000276171 -0.000247893 
-3.69789e-06 -7.37312e-05 -0.00022746 -0.000464966 -0.00067919 -0.000887504 -0.000985889 -0.00095211 -0.000893429 -0.000843559 -0.000798277 -0.000753692 -0.000689623 -0.000597672 -0.000483285 -0.000394461 -0.000343985 -0.000332997 -0.000304669 -0.000312825 -0.000362307 -0.000349029 -0.000304803 -0.000257051 
-3.10367e-05 -0.000151122 -0.000361819 -0.000556521 -0.000744462 -0.000915843 -0.000886635 -0.000829496 -0.000786378 -0.000742776 -0.000702266 -0.000660016 -0.000615122 -0.000549963 -0.000460319 -0.000401933 -0.00035308 -0.000342775 -0.000324746 -0.000380938 -0.000355083 -0.000308527 -0.000268742 -0.000229274 
-0.000138282 -0.000293049 -0.000442256 -0.000612463 -0.000817323 -0.000904121 -0.000834593 -0.000790512 -0.000761735 -0.000731794 -0.000696845 -0.000648685 -0.000590094 -0.000539636 -0.00048406 -0.000431397 -0.000371461 -0.000349899 -0.000351195 -0.000373833 -0.000323105 -0.000297214 -0.00026425 -0.000145779 
-0.00027922 -0.000404802 -0.000547384 -0.000730463 -0.000857418 -0.000850482 -0.00079537 -0.000765364 -0.000743766 -0.000725634 -0.000692885 -0.000639881 -0.000574999 -0.000525665 -0.000477491 -0.000433308 -0.000376298 -0.000361905 -0.000372825 -0.000377855 -0.000364339 -0.000336215 -0.000242358 -0.000129729 
-0.000398097 -0.000546577 -0.000695168 -0.000806619 -0.000816612 -0.000769078 -0.000735641 -0.000716293 -0.000695352 -0.00067707 -0.000651848 -0.000604441 -0.000549924 -0.000491445 -0.000432882 -0.000384739 -0.000341069 -0.000335084 -0.000377859 -0.000399415 -0.000389014 -0.000285297 -0.000205382 -0.000146409 
-0.000479864 -0.00062072 -0.000730393 -0.000775243 -0.000740539 -0.00071192 -0.000696515 -0.000690366 -0.000670627 -0.000640017 -0.000616142 -0.000580045 -0.000528115 -0.000472708 -0.000411475 -0.000371543 -0.000346364 -0.000359449 -0.000403433 -0.000453143 -0.000327848 -0.000199567 -0.000127856 -7.57704e-05 
-0.00045081 -0.000575956 -0.000665474 -0.000692109 -0.00067727 -0.000666751 -0.000668497 -0.000665463 -0.000644867 -0.000613858 -0.0005771 -0.000537819 -0.000494663 -0.000449634 -0.000407018 -0.000374253 -0.000353253 -0.000401021 -0.000488033 -0.00037213 -0.000189415 -7.05159e-05 2.33862e-05 8.90284e-05 
-0.000398042 -0.000484679 -0.00056657 -0.000609013 -0.000621702 -0.000638014 -0.000655693 -0.000655324 -0.000632193 -0.000598471 -0.000556182 -0.000515564 -0.00048138 -0.000446609 -0.000420795 -0.000411475 -0.000422885 -0.000515991 -0.000438867 -0.000268199 -0.00013724 -5.46937e-05 1.74256e-05 0.000106356 
-0.000356051 -0.000433864 -0.000522166 -0.000584271 -0.000605833 -0.000622336 -0.000648452 -0.000652851 -0.000635194 -0.000607208 -0.000571974 -0.00055022 -0.000529594 -0.00049407 -0.000475949 -0.00048946 -0.000560835 -0.00052567 -0.000371672 -0.000281057 -0.000200691 -0.000134563 -5.34531e-05 2.54086e-05 
-0.000368944 -0.000442149 -0.000530787 -0.000611431 -0.000677727 -0.000719948 -0.00073988 -0.000738767 -0.000721828 -0.000691808 -0.00063351 -0.000607368 -0.000591244 -0.000559648 -0.000545985 -0.00055805 -0.000564258 -0.000474172 -0.000383934 -0.000333729 -0.000252798 -0.000181869 -0.000114997 -4.08123e-05 
-0.000299237 -0.00039906 -0.00048366 -0.00054111 -0.000562607 -0.000574663 -0.000605478 -0.00061316 -0.000608336 -0.000610728 -0.000586568 -0.000552997 -0.000531807 -0.000501684 -0.000482098 -0.000488685 -0.000469375 -0.00037945 -0.000327708 -0.000271989 -0.000233793 -0.000178914 -0.000102479 -3.92286e-05 
-0.000198275 -0.000257772 -0.000335926 -0.000439473 -0.000493357 -0.00051582 -0.000530377 -0.00053512 -0.000531664 -0.000503108 -0.000430254 -0.000376434 -0.000357142 -0.000340438 -0.000345143 -0.000375477 -0.000350441 -0.000274698 -0.000217389 -0.000184031 -0.000156989 -0.000125548 -7.52312e-05 -2.75112e-05 
-8.60557e-05 -0.000116988 -0.000165568 -0.000249524 -0.000329943 -0.000364926 -0.000384632 -0.000383749 -0.00037847 -0.000353715 -0.000295118 -0.000229892 -0.000212606 -0.000201307 -0.000217214 -0.000259845 -0.000244458 -0.000189736 -0.000148162 -0.000109011 -7.99342e-05 -4.57726e-05 -1.95198e-05 8.11128e-06 
-6.55209e-05 -8.34357e-05 -0.000118357 -0.000159295 -0.000180235 -0.000182476 -0.000189863 -0.000194129 -0.000197012 -0.000213313 -0.000216266 -0.000216334 -0.000222663 -0.00021922 -0.000196474 -0.000163511 -0.000128801 -8.24235e-05 -4.23077e-05 4.16305e-06 3.65042e-05 5.30911e-05 6.82208e-05 7.1438e-05 
