-6.81276e-05 -7.72229e-05 -8.09612e-05 -8.11758e-05 -8.33921e-05 -6.43396e-05 -6.10248e-05 -5.55689e-06 3.59134e-05 3.99006e-05 4.38938e-05 4.03038e-05 3.35308e-05 4.37273e-05 6.38429e-05 7.35725e-05 6.78197e-05 4.74927e-05 2.51364e-05 3.84127e-06 -5.20621e-06 -5.80519e-06 -6.83436e-06 -7.39086e-06 
-7.85067e-05 -8.83929e-05 -9.06866e-05 -9.15964e-05 -9.74948e-05 -0.000124461 -0.000115995 -0.000117386 -0.000140215 -0.000180145 -0.000228398 -0.000261255 -0.000264417 -0.000244087 -0.000205632 -0.000129123 -3.69239e-05 3.64185e-05 5.70901e-05 2.68425e-05 1.55961e-07 -7.08605e-06 -6.13275e-06 -2.01984e-06 
-7.05965e-05 -7.78103e-05 -7.84857e-05 -9.37768e-05 -0.000112059 -0.000158545 -0.000213126 -0.000262323 -0.000319707 -0.00039442 -0.000489082 -0.000541832 -0.000539909 -0.000481691 -0.000400621 -0.000317229 -0.000234844 -0.000113357 -9.51291e-06 6.71931e-05 5.57264e-05 2.45741e-05 1.6588e-05 2.05472e-05 
-5.9932e-05 -6.86772e-05 -8.75641e-05 -0.000136742 -0.000172096 -0.000210596 -0.000260525 -0.000285462 -0.000316875 -0.000361585 -0.00041874 -0.000490089 -0.000508652 -0.000486152 -0.000440929 -0.000414481 -0.000377557 -0.000263944 -0.000148134 -5.32463e-05 -2.72939e-05 -4.60766e-05 -5.31777e-05 -5.0608e-05 
-9.35393e-05 -0.000107693 -0.000132098 -0.000188152 -0.00024887 -0.000320463 -0.000399272 -0.000452607 -0.000472899 -0.000492068 -0.000479526 -0.000467354 -0.000436113 -0.000410058 -0.000393293 -0.000407036 -0.000414242 -0.000369419 -0.000268632 -0.000164761 -9.18914e-05 -8.79402e-05 -8.37139e-05 -7.85107e-05 
-8.24557e-05 -9.71376e-05 -0.000130919 -0.000188503 -0.000263016 -0.000346793 -0.000443618 -0.000530999 -0.000594262 -0.000635709 -0.00059076 -0.000544658 -0.000504645 -0.000462324 -0.00041996 -0.000419095 -0.000435454 -0.000444493 -0.000397743 -0.000327483 -0.000255862 -0.000203629 -0.000140807 -0.000120943 
-5.49175e-05 -6.46729e-05 -8.27219e-05 -0.000136957 -0.000207965 -0.000303912 -0.000430409 -0.000536509 -0.000616799 -0.000667227 -0.000658659 -0.000624255 -0.000573985 -0.000562039 -0.000550192 -0.000551374 -0.000579108 -0.000569337 -0.000525563 -0.000494233 -0.000454009 -0.000354827 -0.000245021 -0.000149626 
-2.88154e-05 -3.35723e-05 -4.07594e-05 -7.94823e-05 -0.000143599 -0.000246849 -0.000362246 -0.000451104 -0.000519127 -0.000538128 -0.000543389 -0.000554278 -0.000551432 -0.000548799 -0.000562403 -0.000665568 -0.000698087 -0.00069447 -0.000657522 -0.000655851 -0.000630863 -0.00054033 -0.000438018 -0.000336301 
-3.48614e-05 -4.41383e-05 -5.2028e-05 -8.29637e-05 -0.000144948 -0.000228151 -0.000300552 -0.000356832 -0.00036878 -0.000404164 -0.000438212 -0.00046269 -0.000497235 -0.0005173 -0.000562849 -0.000650787 -0.000684476 -0.000722239 -0.000737532 -0.000737993 -0.000698613 -0.000630501 -0.000526039 -0.000411885 
-3.82881e-05 -4.89706e-05 -6.99965e-05 -0.000112162 -0.000179963 -0.000248087 -0.000317595 -0.000385938 -0.000394175 -0.000404029 -0.00045188 -0.000491074 -0.000497084 -0.00051654 -0.000573548 -0.000644055 -0.000693806 -0.000741249 -0.000731546 -0.000701624 -0.000653561 -0.000576904 -0.000476572 -0.000353408 
-5.62075e-05 -7.74306e-05 -9.15292e-05 -0.00011681 -0.000184232 -0.000256487 -0.000341278 -0.000435049 -0.000484989 -0.000513399 -0.000545715 -0.000592374 -0.000615924 -0.00062278 -0.000639092 -0.000704057 -0.000752211 -0.000798926 -0.000785076 -0.000704311 -0.000595872 -0.000492158 -0.000379399 -0.000279014 
-4.87881e-05 -6.50357e-05 -7.7515e-05 -8.80618e-05 -0.000118153 -0.000185808 -0.000304049 -0.000429859 -0.000507515 -0.000566308 -0.000618654 -0.000663258 -0.000688112 -0.000720561 -0.000736641 -0.000769707 -0.000804592 -0.000818917 -0.000791279 -0.000731972 -0.000636594 -0.000510585 -0.000384804 -0.000259448 
-3.90119e-05 -5.42279e-05 -6.04399e-05 -8.43192e-05 -0.000149358 -0.000251731 -0.000375309 -0.000541022 -0.000629901 -0.000673999 -0.000711284 -0.00073616 -0.000745385 -0.000756205 -0.000751112 -0.000773877 -0.000793046 -0.000782917 -0.000741046 -0.000678794 -0.000603241 -0.000505379 -0.000392647 -0.000279726 
-2.36549e-05 -4.42472e-05 -6.29759e-05 -0.000105859 -0.000217667 -0.00036921 -0.000526177 -0.000680861 -0.000760762 -0.000755056 -0.000732461 -0.000742924 -0.000735659 -0.00072402 -0.000692667 -0.0006959 -0.000682968 -0.000655361 -0.000616716 -0.000563229 -0.000498968 -0.000420712 -0.000339296 -0.000261619 
-3.33602e-05 -6.9156e-05 -8.23954e-05 -0.000162772 -0.000333449 -0.000470549 -0.000606584 -0.000693783 -0.000708301 -0.000693978 -0.000684471 -0.000658998 -0.000645928 -0.000609653 -0.000583359 -0.000567555 -0.000546269 -0.000514576 -0.000479617 -0.0004435 -0.000400338 -0.000341856 -0.000271489 -0.000204434 
-4.97146e-05 -6.94963e-05 -0.000176335 -0.000321409 -0.000456109 -0.000586707 -0.000713442 -0.000709287 -0.000679964 -0.000631884 -0.000580563 -0.000518433 -0.000454525 -0.000410928 -0.000384892 -0.000360785 -0.000333961 -0.000305233 -0.000273978 -0.000248305 -0.000226171 -0.000201174 -0.000166499 -0.000130817 
-4.96354e-05 -0.000179107 -0.000297567 -0.000434655 -0.000583271 -0.000721591 -0.000750882 -0.000734655 -0.000660012 -0.000569502 -0.000448835 -0.000349307 -0.000270318 -0.00022359 -0.000190335 -0.000161511 -0.000141107 -0.000131081 -0.000127472 -0.000116973 -0.000101346 -8.44974e-05 -7.18851e-05 -5.98423e-05 
-0.000109108 -0.000246499 -0.000382167 -0.000538081 -0.000682482 -0.00078494 -0.000809942 -0.000742366 -0.000624084 -0.000453929 -0.000331391 -0.000215874 -0.000140814 -8.94488e-05 -6.35511e-05 -3.6347e-05 -1.45008e-05 -1.30472e-06 -1.20226e-05 -3.2166e-05 -3.67554e-05 -2.9955e-05 -2.95453e-05 -3.13124e-05 
-0.000162694 -0.000321628 -0.000470692 -0.000635177 -0.000799504 -0.000845905 -0.00081484 -0.0006815 -0.00048223 -0.000348885 -0.000222951 -0.000124046 -4.58995e-05 -1.74901e-06 1.76764e-05 3.33038e-05 3.9764e-05 2.85707e-05 7.90671e-06 -8.59986e-06 -1.54602e-05 -1.23531e-05 -1.17862e-05 -1.50388e-05 
-0.000244486 -0.000403524 -0.000575848 -0.000748417 -0.00084112 -0.000825838 -0.000707113 -0.000505146 -0.000353579 -0.000202281 -8.18834e-05 2.85655e-05 7.69725e-05 9.70629e-05 9.04474e-05 8.16789e-05 7.19581e-05 6.07781e-05 4.93506e-05 4.06081e-05 3.53114e-05 2.53329e-05 9.84828e-06 -3.61514e-06 
-0.000334677 -0.000504714 -0.000668208 -0.000775339 -0.000767551 -0.000685039 -0.000533294 -0.000358401 -0.000177667 -2.72081e-05 5.99133e-05 0.000128246 0.000166683 0.000177692 0.000161695 0.000140982 0.000146459 0.000151672 0.000151266 0.000141399 0.000128114 0.000111592 8.95828e-05 7.34619e-05 
-0.000393188 -0.00055106 -0.000666114 -0.000692452 -0.000627588 -0.000493043 -0.000335149 -0.000140269 1.10915e-05 9.69304e-05 0.00013429 0.000169686 0.00018034 0.000210636 0.000208424 0.000196551 0.000200725 0.000204924 0.000193905 0.000169713 0.00015602 0.000136673 0.000115739 9.45996e-05 
-0.000430315 -0.000553584 -0.000598457 -0.000572953 -0.000438646 -0.000317955 -0.000133456 1.58715e-05 0.0001175 0.000145759 0.000168293 0.000200385 0.000229486 0.000238625 0.000232012 0.0002339 0.000224211 0.000193562 0.000165445 0.000158881 0.000150741 0.000135984 0.000112613 8.73388e-05 
-0.000453411 -0.000509269 -0.000484346 -0.000399177 -0.000314152 -0.000170563 -4.21271e-05 5.92586e-05 0.000111385 0.00017404 0.000222798 0.000256884 0.000265183 0.000254732 0.000245928 0.00023537 0.0002104 0.000175517 0.000163664 0.000153581 0.000155597 0.000149091 0.00013416 0.000113318 
-0.000419871 -0.000409966 -0.000344509 -0.000268335 -0.000161302 -5.74111e-05 4.59628e-05 0.000116854 0.000211893 0.000272859 0.000296574 0.000310133 0.000293864 0.000277081 0.000257736 0.000233339 0.000198451 0.00016149 0.000150729 0.000153596 0.000172233 0.000174398 0.000158326 0.000134399 
-0.00032187 -0.000290023 -0.000221559 -0.000116822 -3.23052e-05 5.59741e-05 0.000113125 0.000213428 0.000280065 0.000300524 0.000298395 0.000298484 0.000278745 0.000257914 0.000248172 0.000226014 0.000171454 0.000142358 0.000146153 0.000216575 0.00025533 0.000238118 0.000214236 0.000208668 
-0.00021899 -0.000177068 -9.96089e-05 -2.61304e-05 5.31744e-05 8.01523e-05 0.000172142 0.000258097 0.000290629 0.000287724 0.000279674 0.000275595 0.000258531 0.000235621 0.000220188 0.000200878 0.000164112 0.000158058 0.000206434 0.000258418 0.000272055 0.0002425 0.000214889 0.000181216 
-0.000133077 -9.17706e-05 -3.73809e-05 2.77788e-05 4.30571e-05 0.00010647 0.000196927 0.000260344 0.000275699 0.00026587 0.000253463 0.000250221 0.000242307 0.000231033 0.000212876 0.000187374 0.000165271 0.000197338 0.000235088 0.000245589 0.000186791 9.82135e-05 4.00445e-05 1.22254e-05 
-7.13844e-05 -2.35341e-05 6.90855e-06 2.23735e-05 7.59603e-05 0.000148517 0.00019887 0.000238708 0.000246662 0.000241074 0.000232452 0.000233437 0.000241002 0.000239599 0.000234009 0.000203195 0.000191672 0.000222573 0.000223268 0.000162408 2.63925e-05 -5.60065e-05 -6.45469e-05 -9.91969e-05 
-2.25615e-05 -4.58641e-06 5.90331e-06 6.00738e-05 0.000126763 0.000166742 0.000193397 0.000204236 0.000206262 0.000204269 0.000203183 0.000207179 0.000219138 0.000235081 0.000233218 0.000216387 0.000218935 0.000232735 0.000192495 6.94908e-05 -2.22132e-05 -6.8876e-05 -0.000105503 -0.000138521 
-1.32986e-05 2.03026e-05 6.07366e-05 0.000111852 0.000168731 0.000199164 0.000208842 0.000209253 0.000202738 0.000195487 0.000194176 0.000196207 0.000198846 0.000207906 0.000208705 0.00020564 0.000213459 0.000212268 0.000137267 4.33432e-05 -1.257e-05 -5.60458e-05 -7.9886e-05 -8.26527e-05 
4.37152e-05 8.32413e-05 0.000124909 0.000171928 0.000211947 0.000232941 0.000234912 0.000231306 0.000224889 0.000216336 0.000211565 0.000204069 0.000198149 0.000194938 0.00019099 0.000191656 0.00021334 0.000198962 0.000151913 5.87181e-05 1.79198e-05 -2.42363e-05 -6.51297e-05 -8.63623e-05 
0.000112707 0.000149355 0.00018418 0.000215651 0.000237181 0.000247947 0.000248822 0.000242467 0.000241779 0.000242184 0.000235086 0.000223011 0.000206735 0.000194867 0.000193203 0.000196255 0.000213329 0.000229025 0.000152445 2.78921e-05 -2.31664e-05 -9.01063e-05 -0.000155888 -0.000173938 
0.000136534 0.000170368 0.00020504 0.000239421 0.000265213 0.000277084 0.000285504 0.000289707 0.000294251 0.000306494 0.000298104 0.000280826 0.000257961 0.000235531 0.000226261 0.000227693 0.000241421 0.000221592 8.43398e-05 -2.28773e-05 -9.82069e-05 -0.000172046 -0.000223899 -0.000218094 
0.000191931 0.000222699 0.000257092 0.000301579 0.000333333 0.000346761 0.000349055 0.000360836 0.000380459 0.000385845 0.000358498 0.000334415 0.000319339 0.000303891 0.000302221 0.000287815 0.000268485 0.000166433 2.01179e-05 -6.70916e-05 -0.000157545 -0.000218842 -0.000240178 -0.000203588 
0.000178995 0.000225554 0.000279016 0.000328416 0.000348278 0.000353172 0.000356561 0.000360335 0.000360051 0.00034551 0.000314645 0.000311349 0.000317743 0.00031291 0.000304976 0.000277572 0.000195799 7.40378e-05 -2.86436e-05 -8.76231e-05 -0.000146021 -0.000185179 -0.000190224 -0.000152379 
7.45099e-05 0.000120034 0.00015984 0.000179671 0.000185196 0.000173929 0.000169945 0.000163268 0.000161887 0.000159219 0.000176366 0.000192132 0.000199329 0.000193633 0.000183935 0.000147883 8.01758e-05 3.22338e-06 -4.51668e-05 -7.68935e-05 -9.91786e-05 -0.000112792 -0.000120259 -0.000101588 
-1.55606e-05 1.21361e-05 2.08168e-05 -4.27858e-06 -3.58924e-05 -5.21894e-05 -5.6183e-05 -5.61369e-05 -5.36201e-05 -3.364e-05 3.29355e-05 8.10212e-05 9.37477e-05 9.02686e-05 8.16018e-05 3.78827e-05 3.51622e-06 -4.12564e-05 -6.54717e-05 -7.41595e-05 -7.878e-05 -8.99198e-05 -8.90149e-05 -7.75425e-05 
-3.80042e-05 -2.74955e-05 -3.62106e-05 -6.63838e-05 -9.91481e-05 -0.000117308 -0.000112092 -0.000101842 -9.61751e-05 -6.74882e-05 -7.61698e-06 3.88803e-05 5.16111e-05 5.60519e-05 4.39822e-05 4.23883e-05 2.99027e-05 -3.4892e-06 -5.0365e-05 -6.5733e-05 -7.83934e-05 -9.71572e-05 -9.67366e-05 -8.47943e-05 
1.56045e-05 2.7118e-05 2.02982e-05 1.12408e-05 -4.6238e-06 -1.74858e-05 -1.65101e-05 -9.11976e-06 -2.09534e-06 1.77935e-05 4.42196e-05 6.0348e-05 6.50188e-05 6.27119e-05 6.59121e-05 6.4896e-05 3.45174e-05 -1.19986e-05 -4.98876e-05 -6.6901e-05 -8.10264e-05 -9.06719e-05 -8.21169e-05 -6.19431e-05 
