2.03607e-05 2.45194e-05 3.55e-05 6.20732e-05 7.68376e-05 4.45617e-05 -6.60104e-05 -0.000189831 -0.000278645 -0.000342336 -0.000392188 -0.000412586 -0.000404063 -0.000377302 -0.000327255 -0.000264244 -0.000203476 -0.000143717 -8.54994e-05 -1.3717e-05 2.2118e-05 1.7873e-05 1.00963e-05 2.53564e-06 
9.2135e-05 0.000108998 0.000121819 0.000146246 0.000145762 0.000147428 5.17637e-05 -8.07e-05 -0.000166351 -0.000224902 -0.00027433 -0.000319278 -0.000348547 -0.000368036 -0.000353734 -0.000318856 -0.000280361 -0.000216319 -0.000157511 -0.000119629 -8.71385e-05 -7.59028e-05 -7.71387e-05 -7.34276e-05 
8.66374e-05 9.92565e-05 0.000120335 0.000149344 0.000181116 0.000175945 0.000130184 6.11576e-05 -1.95104e-05 -0.000112906 -0.000171777 -0.000238378 -0.000276589 -0.000265107 -0.000252684 -0.000269279 -0.000256098 -0.000219889 -0.000195854 -0.000184418 -0.000158613 -0.000134775 -0.000115386 -0.000114132 
3.37756e-05 3.93454e-05 7.31087e-05 0.000145207 0.000209887 0.000266353 0.000257163 0.000225204 0.000259403 0.000255943 0.000218167 0.000153879 6.22954e-05 -2.62192e-05 -9.7674e-05 -0.000165851 -0.000176729 -0.000195444 -0.000206928 -0.000185888 -0.000136897 -9.20015e-05 -5.45362e-05 -3.44051e-05 
3.54615e-05 3.89501e-05 5.15833e-05 0.000111163 0.000158545 0.000203339 0.000235571 0.000340261 0.000538438 0.000658528 0.000634477 0.000556668 0.000534277 0.000480711 0.000357427 0.000112274 -7.29844e-05 -0.000111656 -0.000162239 -0.000168325 -9.54467e-05 -2.18613e-05 1.29225e-06 1.21297e-05 
1.22989e-05 1.02721e-05 4.36513e-05 0.000121286 0.000239366 0.000280841 0.000307774 0.000316681 0.000428344 0.000494982 0.000500333 0.000523462 0.000591842 0.000617732 0.000550877 0.000371699 0.00012939 -1.0352e-05 -6.61962e-05 -9.94209e-05 -4.21756e-05 1.56916e-05 4.88564e-05 5.31639e-05 
8.33915e-05 0.00010391 0.000175958 0.000290875 0.000374524 0.000375846 0.000343763 0.00033812 0.000482382 0.000575772 0.000549541 0.000537274 0.000601786 0.000685147 0.000650155 0.000442057 0.000307309 0.000140331 5.33885e-05 2.3889e-05 2.30285e-05 8.51429e-05 0.000148219 0.000209659 
0.000100873 0.000126825 0.000174952 0.000256338 0.000293504 0.000275739 0.000292883 0.00035575 0.000474119 0.000525507 0.000596619 0.000650647 0.000710647 0.000741671 0.000663199 0.0005299 0.00045504 0.000284832 0.000128856 2.89664e-05 -5.17674e-05 -6.45624e-05 -2.91209e-05 3.8821e-05 
3.55468e-05 4.13025e-05 6.02659e-05 7.23948e-05 9.59665e-05 0.000119334 0.000121358 0.000179967 0.000366832 0.00049415 0.000535634 0.000640032 0.000704706 0.000737902 0.000698918 0.000658258 0.000573721 0.00039956 0.000222396 5.24266e-05 -0.000100276 -0.000129737 -0.000121263 -9.26753e-05 
4.10253e-06 -2.2571e-07 8.94569e-06 -1.33014e-05 -3.74196e-05 -7.76493e-05 -7.76235e-05 -3.2171e-05 0.000132816 0.000319557 0.000436374 0.00054397 0.000660082 0.000763142 0.000812867 0.00076738 0.000621283 0.000503259 0.000387921 0.000223941 9.53763e-05 -1.07474e-05 -4.05053e-05 -4.95082e-07 
2.20391e-05 1.06001e-05 7.95165e-06 -2.08017e-05 -3.93602e-05 -5.19697e-05 -3.08416e-05 1.74127e-06 8.53808e-05 0.00027256 0.00042063 0.000566681 0.000697683 0.000805058 0.000891745 0.000858457 0.00074461 0.000673418 0.00061765 0.000479937 0.000332735 0.000235365 0.000158292 9.02141e-05 
4.54677e-05 4.20734e-05 3.65014e-05 8.14607e-06 4.0711e-06 3.82194e-05 5.71714e-05 9.79614e-05 0.000198318 0.00031231 0.000445946 0.000546774 0.000609816 0.000699865 0.000779365 0.000762181 0.000703943 0.000708201 0.000699361 0.000623338 0.000510437 0.000397297 0.000297192 0.000206794 
8.0437e-05 8.99906e-05 0.00010896 7.67402e-05 1.70139e-05 1.23387e-05 9.67461e-06 1.28294e-05 0.000102498 0.000212868 0.000319738 0.000433209 0.000506194 0.000585091 0.000606322 0.000606439 0.000593544 0.000591585 0.000580477 0.000544851 0.000472975 0.000394308 0.000312784 0.000230276 
5.05036e-05 5.53177e-05 1.8899e-05 -5.1972e-05 -0.000114438 -0.000169012 -0.000156878 -7.1529e-05 4.38645e-05 0.000169808 0.000271505 0.000384418 0.000462347 0.000505986 0.000497996 0.000476442 0.000457938 0.000451075 0.000449922 0.000437033 0.000405978 0.000359115 0.000307181 0.000255237 
-4.76109e-06 -6.28762e-05 -0.000110414 -0.000186768 -0.000251494 -0.000210808 -0.000106364 1.37924e-05 0.000114757 0.000214748 0.000318424 0.000385506 0.0003829 0.000373839 0.000363095 0.000343409 0.000321069 0.000306562 0.000303067 0.000301515 0.000294543 0.000270472 0.000241622 0.000212779 
-8.86451e-05 -0.000150618 -0.000219916 -0.000254577 -0.000206633 -8.88219e-05 3.14947e-05 0.000100858 0.000212159 0.000335699 0.000373373 0.000333558 0.00031178 0.000301746 0.00029134 0.000273236 0.000258029 0.00025148 0.000270827 0.000289029 0.000288907 0.00027894 0.000254547 0.000220865 
-0.000143849 -0.00020507 -0.000224796 -0.000155012 -7.81897e-05 1.71498e-05 0.000134312 0.000248089 0.000365171 0.000394186 0.000368497 0.000309463 0.00029396 0.000295842 0.000302431 0.000309679 0.000322565 0.000341501 0.000360783 0.00037492 0.000379927 0.000360147 0.000317912 0.000262018 
-0.000148164 -0.0001673 -0.000105603 -2.68063e-05 5.06124e-05 0.000170494 0.000282629 0.000376376 0.000415566 0.0003998 0.000324127 0.000320718 0.000390668 0.000451439 0.000498145 0.000533918 0.000553644 0.000548213 0.000512619 0.000461726 0.00040255 0.000318851 0.000239357 0.000172317 
-0.000126725 -6.71934e-05 -1.99738e-05 8.33961e-05 0.000191723 0.00029188 0.000322824 0.000358808 0.000379661 0.000320296 0.000352632 0.000555433 0.000702722 0.000779197 0.000833418 0.000854218 0.00084566 0.00079606 0.000730706 0.000642261 0.000548305 0.000433439 0.000321917 0.000236454 
-5.38624e-05 2.66377e-05 0.000172187 0.00027226 0.00030827 0.000309316 0.000327032 0.000351711 0.000307545 0.000318505 0.000549375 0.000819864 0.000943608 0.000993766 0.00100868 0.00100243 0.00096063 0.000860385 0.000746942 0.000632653 0.000517909 0.000403287 0.000299992 0.00022666 
6.98946e-05 0.000207212 0.000268859 0.000288449 0.000273982 0.000291319 0.000306127 0.000253595 0.000271805 0.000460589 0.000778978 0.000971023 0.00107038 0.00112071 0.00109595 0.00103348 0.000950991 0.000798856 0.000657112 0.000536888 0.000441607 0.000351898 0.000261711 0.000179873 
0.000168403 0.000217395 0.000249092 0.000264436 0.000287635 0.000276335 0.000219739 0.000228423 0.000375479 0.000705659 0.000949276 0.00109339 0.00115651 0.00109375 0.000966456 0.000837188 0.000715466 0.000591295 0.000474875 0.000373789 0.000310678 0.000256212 0.000192676 0.000135508 
0.000206361 0.000211791 0.000202474 0.000210001 0.00022045 0.000199196 0.000167768 0.000352996 0.000735901 0.000927548 0.00107162 0.00112371 0.00109637 0.00102924 0.000885023 0.000718009 0.000570105 0.000415803 0.000300481 0.000223167 0.000162405 0.000114044 7.61997e-05 4.88837e-05 
0.000196209 0.000177997 0.000141883 0.000123743 0.0001137 0.000113317 0.000433412 0.000761954 0.000913646 0.00103835 0.00108939 0.00107527 0.00104217 0.000966455 0.000811886 0.000614077 0.000454562 0.000298492 0.000157539 8.66509e-05 6.98468e-05 6.2612e-05 5.1959e-05 4.18693e-05 
0.000162061 0.000154701 0.000138921 0.000117105 0.000132789 0.000455821 0.000770544 0.000884493 0.000933225 0.000979466 0.0010075 0.000973914 0.000925889 0.000852282 0.000708408 0.000516246 0.000336784 0.000164043 6.58261e-05 4.30072e-05 7.48578e-05 0.000116941 0.000127136 0.000126698 
0.000121891 0.000131275 0.000163094 0.000203664 0.000436752 0.000773583 0.000889544 0.000948535 0.000910655 0.000895805 0.00090712 0.000899128 0.000859935 0.000743726 0.000548739 0.000346462 0.000181357 6.12999e-05 2.61468e-05 6.53322e-05 0.000137895 0.00017872 0.000204586 0.000196988 
6.74217e-05 0.000105416 0.000156389 0.000362006 0.00069121 0.000875322 0.000947746 0.000868659 0.000818668 0.000804425 0.000789216 0.000775283 0.000734325 0.000610188 0.000422267 0.000243431 9.05298e-05 3.69989e-05 4.38536e-05 0.000105223 0.000205054 0.000278085 0.000290162 0.000285624 
4.6753e-05 0.000117832 0.000288242 0.000574138 0.000786909 0.00089386 0.000837467 0.000756665 0.000725593 0.000714617 0.000703848 0.000673425 0.000625736 0.000512495 0.000345577 0.000195499 8.14773e-05 6.62236e-05 9.48662e-05 0.000190972 0.000309347 0.000423019 0.000435017 0.000407022 
0.000128484 0.000267807 0.000478646 0.000673929 0.000779273 0.000816035 0.000731765 0.000686168 0.000669754 0.000659118 0.000644777 0.00061333 0.000558353 0.000456194 0.000314252 0.00018544 9.90433e-05 0.000101509 0.000160672 0.000279512 0.000438755 0.000561879 0.000550639 0.000490627 
0.00025316 0.000424912 0.000586282 0.000693651 0.000770094 0.000723591 0.000665246 0.000648537 0.00063391 0.00061778 0.000596472 0.000565878 0.000514947 0.00043064 0.000326115 0.000219902 0.000174158 0.000192476 0.000276234 0.000422196 0.000610644 0.00066462 0.000574148 0.00043595 
0.000385639 0.000514352 0.000632722 0.000718489 0.000710186 0.000633272 0.000612287 0.0006023 0.000587673 0.000572545 0.000551201 0.000516675 0.000465611 0.000386406 0.000299732 0.000232487 0.000231135 0.000267911 0.000354765 0.000481547 0.000560686 0.000455898 0.000301066 0.00017959 
0.000388683 0.000511053 0.000616603 0.000652271 0.000609718 0.000585831 0.000589376 0.000590118 0.000567015 0.000541248 0.000514338 0.000485572 0.000435587 0.000355566 0.000283903 0.000261041 0.00028191 0.000325614 0.000349762 0.000401007 0.000263463 0.000117142 5.51098e-05 3.70273e-05 
0.000323988 0.000407844 0.000492731 0.000540561 0.000557412 0.000583436 0.000610916 0.000619331 0.00059385 0.000556821 0.000520803 0.000482476 0.000441206 0.000392821 0.000358707 0.000369213 0.000402319 0.000402391 0.000403061 0.000266066 3.65122e-05 -7.90596e-05 -0.000109942 -0.000129026 
0.000293835 0.000378445 0.000468648 0.000539621 0.000581143 0.000620294 0.000647837 0.000651449 0.000627698 0.000581454 0.000529782 0.000497557 0.000473967 0.000452353 0.000450411 0.000485418 0.000499254 0.000501074 0.000400185 0.000184843 -1.50676e-05 -0.000116318 -0.000165335 -0.000195231 
0.000324136 0.000412603 0.000512723 0.000596476 0.000634133 0.00066358 0.000682187 0.000670891 0.000636819 0.000582724 0.000541736 0.000532747 0.0005243 0.000504809 0.000517953 0.000565404 0.000617857 0.000573935 0.000408714 0.000266875 0.00011414 -8.72521e-06 -8.93322e-05 -0.000117164 
0.000374525 0.000467639 0.000576852 0.000660923 0.000697782 0.00071549 0.000733972 0.000729979 0.000713359 0.000670789 0.000627062 0.000599791 0.000588034 0.000561597 0.000576867 0.000637571 0.000680964 0.000608989 0.000491525 0.000384012 0.00025047 0.00012757 4.01265e-05 1.10453e-05 
0.000334099 0.000438142 0.000544276 0.000623132 0.00065309 0.000667483 0.000720494 0.000731273 0.000708089 0.000670294 0.000628672 0.000630786 0.000638187 0.000612379 0.00061568 0.000665327 0.0006666 0.000510296 0.000399024 0.000302144 0.000230025 0.000153393 0.000104859 7.83997e-05 
0.000225141 0.000319454 0.000412808 0.000531794 0.000596531 0.000616113 0.000662692 0.000664572 0.000641513 0.000593228 0.000540176 0.000542097 0.000570136 0.000559693 0.000550655 0.000571155 0.000498488 0.000357446 0.000249197 0.000217004 0.000188286 0.00015257 0.000111853 8.09048e-05 
0.000113449 0.000183601 0.000262685 0.000365506 0.000446665 0.0004527 0.000480616 0.000477703 0.000477729 0.000480252 0.000456507 0.000452437 0.000476174 0.000466505 0.000462947 0.000433556 0.00033661 0.000249851 0.000211734 0.0001735 0.000139139 0.000111378 7.41824e-05 4.75429e-05 
4.55348e-05 3.50114e-05 4.1986e-05 7.64546e-05 0.000122895 0.000156294 0.000182712 0.000190005 0.000190095 0.000200377 0.000196198 0.000233136 0.000265814 0.000257839 0.000222079 0.00017023 0.000179666 0.000179969 0.000144217 9.79208e-05 5.47851e-05 2.95536e-05 1.13876e-05 3.97021e-06 
