-7.10806e-05 -8.1024e-05 -8.65164e-05 -9.03967e-05 -0.000105457 -0.000101868 -4.21487e-05 -3.95974e-05 -6.61414e-05 -7.16511e-05 -4.52441e-05 -1.22575e-05 -1.84434e-05 -3.68286e-05 -4.38933e-05 -4.48619e-05 -4.11859e-05 -2.70509e-05 -2.08372e-05 -2.53933e-05 -1.51144e-05 -1.14439e-05 -9.25396e-06 -8.12813e-06 
-5.41255e-05 -6.23282e-05 -8.26435e-05 -0.000122337 -0.000161406 -0.000181823 -0.000143639 -7.39329e-05 -7.91585e-06 5.26426e-05 0.000125054 0.000169376 0.000160794 0.000123144 8.59876e-05 4.98637e-05 1.86757e-06 -3.24922e-05 -3.41226e-05 -3.31297e-05 -3.50863e-05 -3.97054e-05 -4.36483e-05 -4.87163e-05 
-5.3441e-05 -6.06899e-05 -9.00725e-05 -0.000128434 -0.000175395 -0.000198922 -0.000198187 -0.000169887 -0.00015842 -0.000114031 1.89926e-06 5.33707e-05 2.32214e-05 -6.7072e-06 -6.67328e-06 -2.73235e-05 -2.8003e-05 -3.55227e-05 -5.40719e-05 -6.94672e-05 -8.66104e-05 -8.3002e-05 -7.38057e-05 -7.68636e-05 
-5.68292e-05 -6.29939e-05 -8.75345e-05 -0.000111048 -0.00014835 -0.000185332 -0.000218903 -0.000276422 -0.000381409 -0.00048399 -0.000539502 -0.000537083 -0.000542999 -0.000521863 -0.000426949 -0.000298286 -0.000188653 -0.0001186 -6.15544e-05 -8.48789e-06 2.62918e-05 2.48015e-05 3.36702e-05 2.95462e-05 
-6.16949e-05 -7.39053e-05 -9.4038e-05 -0.000120611 -0.000165151 -0.000243879 -0.000310207 -0.000387025 -0.000498129 -0.000595894 -0.000661936 -0.000705009 -0.00073504 -0.000721973 -0.000634805 -0.000504984 -0.000357624 -0.000257357 -0.000141643 -1.40245e-05 6.23455e-05 8.09792e-05 6.48323e-05 5.66882e-05 
-5.34142e-05 -6.89839e-05 -8.68831e-05 -0.000123458 -0.000161393 -0.000206002 -0.000226998 -0.000277955 -0.000362506 -0.000449354 -0.000518701 -0.000548324 -0.00058068 -0.00064313 -0.000642125 -0.00051454 -0.000366671 -0.00030132 -0.000272345 -0.000158064 -9.02763e-05 -6.19338e-05 -7.65977e-05 -8.80776e-05 
-3.83286e-05 -5.01691e-05 -6.76074e-05 -0.000122168 -0.000167779 -0.000207176 -0.000242908 -0.000258875 -0.00032462 -0.000379949 -0.000417559 -0.000432214 -0.000431377 -0.000485329 -0.00059339 -0.00060484 -0.000467307 -0.00037627 -0.000371029 -0.000364307 -0.000318374 -0.000231109 -0.000194587 -0.000174228 
-2.84384e-05 -3.39972e-05 -4.16507e-05 -7.00887e-05 -0.000117133 -0.000182551 -0.000194014 -0.000173737 -0.000264276 -0.000381864 -0.000460882 -0.000493701 -0.000538405 -0.000637874 -0.000738623 -0.00077939 -0.000652892 -0.000554506 -0.00054002 -0.000530914 -0.00049964 -0.000396806 -0.000258467 -0.00017655 
-3.07138e-05 -3.49225e-05 -3.76157e-05 -4.61796e-05 -6.16886e-05 -7.8233e-05 -4.53741e-05 -5.37617e-05 -0.0002 -0.000386567 -0.000521063 -0.000632931 -0.000720504 -0.000826314 -0.00089113 -0.000795592 -0.000697933 -0.000611546 -0.000583898 -0.000611384 -0.000623924 -0.000603558 -0.000493796 -0.000341142 
-5.79583e-05 -6.1976e-05 -5.19235e-05 -2.02739e-05 1.37283e-05 5.45229e-05 9.45021e-05 9.22174e-05 -2.78535e-06 -0.000212989 -0.000453316 -0.000598538 -0.000690278 -0.000773002 -0.000783487 -0.000619163 -0.000493649 -0.000430743 -0.000415818 -0.000436247 -0.000540574 -0.000595909 -0.000554276 -0.000481513 
-5.17006e-05 -6.15986e-05 -5.16583e-05 -4.21574e-06 5.51551e-05 0.000119464 0.000199813 0.00026833 0.000196469 -3.2662e-05 -0.000248824 -0.000385809 -0.000489297 -0.000592193 -0.000582877 -0.000485812 -0.00034725 -0.000248356 -0.000238813 -0.000311549 -0.000419451 -0.000517651 -0.000537005 -0.000489546 
-2.32503e-05 -2.24749e-05 -2.337e-05 -1.83563e-05 -1.46324e-05 3.41042e-05 0.000136999 0.000198835 0.000147742 -3.45058e-05 -0.000166924 -0.000259798 -0.000329352 -0.000418251 -0.000439722 -0.000335262 -0.000213862 -0.000161439 -0.000180757 -0.000246823 -0.000355892 -0.000437715 -0.000456678 -0.00043649 
-3.42011e-05 -3.84366e-05 -3.8147e-05 7.24125e-07 1.87478e-05 3.05081e-05 5.16867e-05 5.51334e-05 4.89193e-06 -7.28298e-05 -0.000105042 -0.000126791 -0.000169179 -0.000211554 -0.000223456 -0.000158972 -9.12113e-05 -7.0374e-05 -9.32818e-05 -0.000138945 -0.000224865 -0.000299176 -0.000322447 -0.000322047 
-1.22321e-05 9.39531e-06 7.68961e-05 0.00011116 8.50849e-05 6.27075e-05 -1.86127e-05 -7.49255e-05 -7.89304e-05 -4.21212e-05 4.46349e-05 7.74219e-05 4.04598e-05 -5.59639e-06 -5.24463e-05 -2.51418e-05 6.44265e-06 -1.71496e-05 -4.07203e-05 -5.35826e-05 -7.59767e-05 -9.70514e-05 -0.000100795 -0.000108282 
2.89923e-05 9.30937e-05 0.000114853 9.53898e-05 3.34633e-05 -5.96775e-05 -0.000169452 -0.000236288 -0.000219846 -0.000135375 -3.98215e-05 2.83281e-05 5.31676e-05 2.22689e-05 -1.25027e-05 -2.34178e-05 -2.13801e-05 -4.43456e-05 -5.57961e-05 -6.80564e-05 -7.05502e-05 -6.71909e-05 -6.71726e-05 -7.00861e-05 
0.00011361 0.000145966 9.83465e-05 -1.60866e-05 -0.000153119 -0.000289983 -0.000417882 -0.00044029 -0.00040645 -0.000302698 -0.000184958 -8.83284e-05 -4.31704e-05 -2.95712e-05 -3.06582e-05 -4.99791e-05 -7.91696e-05 -0.000109833 -0.000161459 -0.000183906 -0.000188251 -0.000163819 -0.000134687 -0.000111274 
7.28542e-05 5.49291e-05 -7.24698e-05 -0.000234663 -0.000375699 -0.000465013 -0.000506746 -0.000452206 -0.00036078 -0.000259488 -0.000186488 -7.71479e-05 -2.01589e-07 6.9781e-06 -1.77056e-05 -3.94892e-05 -4.68625e-05 -4.86191e-05 -4.73597e-05 -3.85521e-05 -2.8046e-05 -2.42704e-05 -7.35636e-06 4.13846e-06 
-4.17343e-05 -0.000161351 -0.000327391 -0.000458052 -0.000518609 -0.000540633 -0.000453324 -0.000323846 -0.000190458 -0.000121666 -8.1548e-05 -4.74951e-05 -4.91538e-05 -6.76875e-05 -7.08592e-05 -5.60042e-05 -2.90387e-05 9.57789e-06 5.3146e-05 8.5693e-05 0.000106429 0.000113581 0.00011098 9.76439e-05 
-0.000179024 -0.000330729 -0.000453385 -0.000517685 -0.000480316 -0.000365047 -0.000229661 -7.67915e-05 1.00646e-06 -1.47518e-05 -2.81604e-05 -5.26187e-05 -8.22796e-05 -9.6908e-05 -8.22067e-05 -3.96234e-05 -8.84469e-06 2.14065e-05 4.74461e-05 5.67411e-05 4.9947e-05 3.36731e-05 2.162e-05 1.35349e-05 
-0.000270619 -0.000404085 -0.000457091 -0.000361304 -0.000221847 -8.08541e-05 7.68064e-05 0.000159406 8.211e-05 4.59748e-05 -1.02681e-05 -4.74492e-05 -4.40922e-05 -6.47076e-05 -7.39301e-05 -6.64657e-05 -4.93426e-05 -3.80793e-05 -3.48038e-05 -2.53535e-05 -1.77238e-05 -1.85438e-05 -7.05418e-06 6.9699e-06 
-0.00034876 -0.000399662 -0.000289965 -0.00016791 -2.68462e-05 0.000146131 0.000239247 0.000161677 7.45588e-05 2.33311e-06 -2.40715e-05 -1.6446e-05 -6.77157e-05 -7.54329e-05 -5.37902e-05 -1.97021e-05 2.79393e-05 1.47409e-05 -1.79088e-05 -2.21353e-05 -5.093e-06 3.38756e-06 7.67656e-06 1.21838e-05 
-0.000366247 -0.000272766 -0.000163538 -3.94048e-05 9.55655e-05 0.000221193 0.000239514 0.000153945 7.30767e-05 -3.99375e-05 -7.52313e-05 -0.000143601 -0.0001501 -0.000163769 -8.37497e-05 2.56062e-06 2.13485e-05 -9.71077e-06 -4.45366e-05 -3.02496e-05 -8.77249e-06 2.53031e-08 -2.79915e-07 2.86473e-06 
-0.000243784 -0.000157235 -5.07502e-05 4.96905e-05 0.000165395 0.000253224 0.000256375 0.000211585 0.000109167 -2.1699e-05 -0.000115457 -0.000165437 -0.000196039 -0.000161292 -0.000137349 -0.000105351 -6.68657e-05 -1.84751e-05 1.32769e-05 3.93877e-05 5.2492e-05 4.75897e-05 3.69448e-05 3.03806e-05 
-0.000113308 -2.93569e-05 4.3664e-05 0.000127703 0.000204045 0.000233796 0.000256866 0.000168919 4.99849e-05 -7.5654e-05 -8.92303e-05 -8.95419e-05 -0.00011853 -0.00013263 -0.000148663 -0.000122777 -5.82433e-05 -2.21288e-06 5.23295e-05 8.7475e-05 9.01598e-05 7.67612e-05 6.15666e-05 4.58183e-05 
-3.0614e-05 3.99697e-05 7.77122e-05 0.000103483 0.000137551 0.000204891 0.000131581 1.18377e-05 -4.31667e-05 -6.78959e-05 -7.80341e-05 -8.02218e-05 -8.55722e-05 -9.95211e-05 -0.000106921 -4.30566e-05 2.20508e-05 6.61975e-05 0.000105949 0.000114433 7.41527e-05 3.22191e-05 6.72715e-06 -8.68246e-06 
3.64885e-05 7.01917e-05 6.3358e-05 5.82959e-05 0.000129742 0.000122364 2.9333e-05 -7.70343e-05 -0.000104176 -0.000104253 -8.86091e-05 -7.55714e-05 -5.80864e-05 -5.39992e-05 -2.47877e-06 5.66002e-05 9.48818e-05 0.000120794 0.000128071 5.93875e-05 -1.56393e-05 -2.39273e-05 -3.57414e-05 -8.70106e-05 
0.000107838 0.00011908 9.78743e-05 0.000131947 0.000138131 0.000133989 -1.74544e-05 -6.19017e-05 -9.43134e-05 -0.000108166 -9.16272e-05 -6.86696e-05 -4.3684e-05 -1.52774e-05 3.14507e-05 7.19919e-05 0.000101291 0.000122309 9.21529e-05 3.74477e-05 5.78335e-05 8.25885e-06 -7.28567e-05 -0.000126948 
0.00010311 9.80059e-05 0.000113325 0.0001046 0.000150631 1.18814e-05 -1.64311e-05 -5.78986e-05 -9.27815e-05 -0.000103406 -9.81438e-05 -8.11391e-05 -4.70809e-05 -8.04276e-06 2.80733e-05 5.70442e-05 6.94904e-05 7.51117e-05 5.1158e-05 8.00354e-05 3.55487e-05 -2.9841e-05 -4.93913e-05 -6.03599e-05 
9.73814e-05 8.52168e-05 9.52241e-05 0.000104726 3.89283e-05 2.14304e-05 -1.99714e-05 -6.64555e-05 -8.63245e-05 -8.61946e-05 -7.48761e-05 -6.25524e-05 -4.67906e-05 -1.76326e-05 3.1014e-05 4.58658e-05 3.23499e-05 4.16841e-05 4.67325e-05 6.67218e-05 -5.91842e-07 -7.29929e-05 -0.000102962 -0.000127065 
9.74881e-05 8.90958e-05 8.69351e-05 5.20442e-05 2.867e-05 1.70215e-05 -2.62633e-05 -5.46599e-05 -6.31236e-05 -5.89372e-05 -4.88636e-05 -4.51411e-05 -3.36946e-05 -1.2033e-05 3.26562e-05 4.15086e-05 -1.10092e-05 -7.91215e-06 4.71213e-06 -2.04363e-05 -8.5905e-05 -0.000131926 -0.000129396 -0.00011136 
0.000112505 0.000103531 7.53637e-05 3.25976e-05 3.79594e-05 3.57315e-06 -3.40242e-05 -4.88045e-05 -5.18012e-05 -4.87202e-05 -4.46571e-05 -4.45813e-05 -5.77894e-06 2.19885e-05 3.83826e-05 3.08105e-05 -4.60729e-05 -9.3293e-05 -9.69569e-05 -0.000147009 -0.000201468 -0.000207145 -0.000191088 -0.000161108 
8.35892e-05 6.00032e-05 5.6186e-05 4.08638e-05 2.95105e-05 8.74748e-06 -1.08793e-05 -1.71626e-05 -1.76545e-05 -1.40219e-05 -1.48298e-05 -3.4647e-06 2.4306e-05 5.80235e-05 6.03469e-05 3.35343e-05 -7.51763e-05 -0.00016693 -0.000211661 -0.000206231 -0.000260882 -0.000232457 -0.000191837 -0.000148384 
1.30107e-05 2.24996e-05 2.0702e-05 1.29135e-05 2.1051e-06 -1.1361e-05 -1.13738e-05 -1.32896e-05 -1.15702e-05 -2.82268e-06 7.23465e-06 2.0436e-05 3.47319e-05 5.21726e-05 4.0745e-05 -7.79367e-06 -0.000119583 -0.000243754 -0.000240388 -0.000228734 -0.000195803 -0.000126852 -7.19757e-05 -1.33057e-05 
-2.47555e-05 -3.0761e-05 -3.52762e-05 -5.01204e-05 -4.82833e-05 -3.69931e-05 -2.34934e-05 -1.86444e-05 -2.87991e-05 -3.92395e-05 -3.17121e-05 -1.78757e-05 1.34271e-06 4.67545e-06 -1.17745e-05 -5.49035e-05 -0.000157196 -0.000254226 -0.000275397 -0.000244981 -0.000190667 -0.000119756 -4.28667e-05 2.80596e-05 
-4.70327e-05 -4.51868e-05 -4.66481e-05 -5.33702e-05 -6.15945e-05 -6.64658e-05 -5.42467e-05 -5.54987e-05 -7.61301e-05 -8.87744e-05 -7.73878e-05 -5.1575e-05 -3.27323e-05 -3.79505e-05 -6.7013e-05 -9.33027e-05 -0.000163708 -0.000302999 -0.000335957 -0.000327304 -0.000276876 -0.000214656 -0.000117956 -4.52696e-05 
-5.27099e-05 -5.96045e-05 -6.74605e-05 -8.05347e-05 -8.75063e-05 -9.75216e-05 -0.000116575 -0.000123023 -0.000135347 -0.000146536 -0.00015578 -0.000154649 -0.000128646 -0.000115604 -0.000139549 -0.000181487 -0.000256074 -0.000348901 -0.000370254 -0.000372262 -0.000310609 -0.00023918 -0.000165885 -0.000111623 
-9.2465e-05 -0.000152813 -0.000198292 -0.000213138 -0.000221464 -0.000222387 -0.000242722 -0.000253856 -0.000251587 -0.000241978 -0.000252944 -0.000245858 -0.000233662 -0.000208983 -0.000225335 -0.000248866 -0.000287822 -0.000284978 -0.00026028 -0.000211548 -0.00016202 -0.000129341 -0.000104954 -8.98992e-05 
-2.57846e-05 -6.59143e-05 -8.04366e-05 -8.15855e-05 -9.24361e-05 -0.000106379 -0.000110417 -0.000111858 -0.000102766 -0.000115674 -0.000155936 -0.000177934 -0.00017857 -0.000171213 -0.000161593 -0.000157066 -0.000152632 -0.000137758 -0.000117672 -0.000108871 -8.81304e-05 -6.09996e-05 -4.79371e-05 -3.90056e-05 
8.02446e-05 8.4983e-05 8.40104e-05 7.84902e-05 6.80348e-05 5.29432e-05 4.01087e-05 3.79445e-05 4.2706e-05 3.26669e-05 2.3265e-05 1.91799e-05 1.45664e-05 9.24124e-06 7.35663e-06 -7.53545e-06 -4.54833e-05 -8.12591e-05 -4.52645e-05 -1.87309e-05 1.01504e-05 2.63963e-05 3.77551e-05 4.179e-05 
3.7755e-05 5.15703e-05 7.16181e-05 7.86291e-05 9.24786e-05 8.76807e-05 8.40861e-05 8.17353e-05 8.21887e-05 9.34685e-05 9.79366e-05 8.78759e-05 7.94179e-05 7.48103e-05 6.17905e-05 4.86003e-05 1.87171e-06 -2.74163e-05 -4.72358e-07 7.85672e-06 3.19318e-05 5.05429e-05 5.46565e-05 4.17501e-05 
