4.01151e-05 4.43551e-05 4.73719e-05 4.28864e-05 2.62815e-05 5.97137e-05 6.80471e-05 0.000102662 9.57034e-05 9.36446e-05 0.000102095 9.13994e-05 6.87014e-05 5.99721e-05 6.0278e-05 5.51428e-05 4.46007e-05 2.60695e-05 1.58647e-05 1.01122e-05 1.40227e-05 1.23923e-05 1.07275e-05 9.45939e-06 
3.31749e-05 3.5827e-05 3.56442e-05 3.10506e-05 2.5296e-05 3.42842e-05 7.08864e-05 7.73503e-05 8.27366e-05 9.09251e-05 8.67097e-05 5.2089e-05 1.3639e-05 -1.86079e-05 -3.55231e-05 -1.80106e-05 8.98068e-06 1.25802e-05 2.0997e-05 2.10417e-05 1.74995e-05 1.92245e-05 1.41558e-05 1.17944e-05 
2.09433e-05 2.14985e-05 2.84397e-05 2.79113e-05 2.79561e-05 3.33588e-05 7.91604e-05 0.000118995 0.000153023 0.00019625 0.000196429 0.000163527 9.41429e-05 5.60741e-05 1.60926e-05 -1.00747e-05 -3.10202e-05 -2.46178e-05 7.04203e-07 3.19768e-05 4.42135e-05 4.79556e-05 5.01198e-05 4.95714e-05 
-1.9505e-06 -9.80945e-06 -9.85517e-06 -5.22161e-06 1.05506e-05 5.14211e-05 0.000115463 0.000233301 0.000282313 0.000323 0.000328549 0.000246746 0.000197849 0.000182231 0.000162363 8.39652e-05 -3.75836e-05 -7.57481e-05 -6.0351e-05 1.23967e-05 4.57676e-05 7.55438e-05 9.12186e-05 9.55036e-05 
-7.8364e-06 -1.26045e-05 -3.31132e-06 2.23019e-05 5.57189e-05 0.000103576 0.000150858 0.000195338 0.000254632 0.000320937 0.000390813 0.000419968 0.000415729 0.000364461 0.000287793 0.000151167 9.04847e-06 -0.000109623 -6.96756e-05 3.65507e-05 0.000143535 0.000176129 0.000194376 0.000205519 
1.92996e-05 1.98403e-05 2.24786e-05 4.9721e-05 9.6863e-05 0.000137132 0.000159469 0.000166021 0.000223266 0.000279107 0.000355601 0.000422738 0.000471564 0.000439936 0.000407429 0.000291146 0.000117638 -6.11174e-05 -0.000100985 1.5436e-05 0.00010276 0.000142236 0.000166974 0.000176786 
2.92366e-05 2.89164e-05 4.09338e-05 8.8634e-05 0.000118504 0.000126317 0.000149157 0.000194493 0.000296965 0.000380027 0.00049159 0.000559564 0.000620938 0.000644868 0.000619716 0.000449427 0.000187596 -2.19721e-05 -7.11241e-05 -1.63065e-05 1.33039e-05 8.59886e-05 0.000127339 0.000163807 
3.35727e-05 3.85849e-05 5.70109e-05 7.88657e-05 0.000121153 0.000162245 0.000180069 0.000236023 0.000397616 0.000557853 0.00066621 0.00069794 0.000767984 0.000828401 0.000831542 0.000584447 0.000294094 6.37214e-05 9.45955e-06 -9.93461e-06 -2.60902e-05 -2.89205e-05 -4.73767e-06 3.14373e-05 
-5.68431e-06 -1.07934e-05 -3.1873e-06 2.00597e-05 2.9351e-05 3.60249e-05 5.30906e-05 0.000117678 0.00029279 0.000506925 0.000675098 0.000768075 0.00088169 0.000984597 0.000992907 0.000779383 0.000501682 0.000251134 0.000144474 0.000119894 0.000109344 7.24759e-05 4.1993e-05 1.35205e-05 
-1.33232e-05 -2.00295e-05 -3.01012e-05 -3.51028e-05 -5.7593e-05 -5.77472e-05 -3.24022e-05 6.05723e-07 0.000140138 0.000352676 0.00058934 0.000780433 0.000922448 0.00100945 0.00101338 0.000890055 0.000673222 0.000444668 0.000342178 0.000308242 0.000312095 0.000280408 0.000232752 0.000190722 
-1.82986e-05 -2.73931e-05 -4.01729e-05 -4.44953e-05 -5.22231e-05 -3.90328e-05 -1.08457e-05 2.10053e-05 0.000132993 0.000327226 0.00052005 0.000650709 0.000747076 0.000829951 0.000873502 0.000799541 0.000662491 0.000550612 0.000485022 0.000467274 0.000477376 0.00047214 0.000431356 0.000378944 
1.80548e-06 -3.42689e-06 -9.66224e-06 -1.7163e-05 -2.34449e-05 -1.19095e-05 -5.75192e-06 1.11058e-05 0.000104066 0.000265269 0.00039537 0.000492762 0.000568585 0.000642776 0.000702759 0.000676041 0.000603715 0.000546047 0.00052573 0.000528734 0.000522221 0.000489803 0.00044735 0.000401325 
2.36837e-05 2.48383e-05 7.49169e-06 -4.4883e-05 -8.00057e-05 -9.92382e-05 -0.000116708 -0.000104415 1.42605e-05 0.000159554 0.000273518 0.00034705 0.000415402 0.000507791 0.000554034 0.000538015 0.000485716 0.000434643 0.000412278 0.000427693 0.000439693 0.00042298 0.000375516 0.000324937 
6.26547e-06 -2.05634e-05 -5.47103e-05 -9.74042e-05 -0.000133277 -0.000147031 -0.00012297 -0.000141185 -8.57755e-05 3.41598e-05 0.000148858 0.000269031 0.000382092 0.000439864 0.000445053 0.00039695 0.000347848 0.000339561 0.000369875 0.00041072 0.000439225 0.000422584 0.000374698 0.000311024 
-3.04576e-05 -6.87949e-05 -9.44598e-05 -0.00010916 -0.000122737 -0.000104502 -0.000100835 -7.28502e-05 3.76091e-05 0.000170611 0.000289901 0.000421343 0.000449289 0.000442569 0.00043723 0.000425539 0.000413988 0.000417902 0.000450942 0.000478804 0.000486776 0.000459754 0.00040475 0.000337385 
-2.78409e-05 -2.43559e-05 -5.48898e-05 -7.07295e-05 -5.64797e-05 -3.66245e-05 -4.81604e-05 0.000103207 0.000225715 0.000352365 0.000466184 0.000501653 0.000519252 0.000516408 0.000521156 0.000528271 0.00052912 0.000536857 0.000549905 0.000556495 0.000544786 0.000504838 0.000436466 0.000356319 
6.20063e-06 -1.08549e-05 -1.38402e-05 -4.86926e-06 -1.95363e-06 -2.2902e-06 0.000113212 0.00020826 0.000326448 0.000454883 0.000497352 0.00051464 0.000537452 0.000553289 0.000553119 0.00054524 0.000543585 0.000541795 0.000539687 0.000542788 0.000531285 0.000488339 0.000416317 0.000332829 
-4.08489e-05 -2.61514e-05 -1.85642e-05 -2.07563e-05 4.5498e-05 0.000121814 0.000192166 0.000296061 0.000409804 0.000478324 0.000510374 0.000553756 0.000570412 0.000568832 0.000557459 0.00055409 0.000558569 0.000561714 0.000550373 0.000532986 0.000504707 0.000458937 0.000390026 0.000306761 
-5.49304e-05 -4.49214e-05 -4.58125e-06 8.18015e-05 0.000135887 0.000185731 0.000246895 0.000356217 0.00047984 0.000519638 0.000581481 0.000616278 0.000620473 0.000615987 0.000607295 0.000594462 0.000569077 0.000543866 0.000514493 0.000475975 0.000427915 0.000371953 0.000305036 0.000238553 
-5.07348e-05 8.8413e-06 0.000111739 0.000170116 0.000216901 0.000232227 0.000326609 0.000476194 0.000525198 0.000586888 0.000618469 0.000609745 0.000573544 0.000538878 0.000526648 0.000521577 0.000493661 0.000469478 0.000444046 0.000410308 0.000368886 0.000326283 0.000267483 0.000202727 
2.93105e-07 0.000112526 0.00021155 0.000276066 0.000283904 0.000345963 0.000496411 0.000551883 0.000597533 0.000626012 0.000605536 0.000520409 0.000497926 0.000462593 0.000403894 0.000354894 0.000332355 0.00035714 0.000377664 0.000383286 0.000368667 0.000334008 0.000283123 0.000232078 
0.000108546 0.000212695 0.000280106 0.000308046 0.000392247 0.000504643 0.000563893 0.000615477 0.000644429 0.000608056 0.000536082 0.000510439 0.000470433 0.000449772 0.000404662 0.000386327 0.000394229 0.000403503 0.000401685 0.000369908 0.000329621 0.000281365 0.000234515 0.00018366 
0.00023799 0.000292958 0.000318048 0.000374984 0.000439633 0.000511473 0.000570849 0.000620808 0.000615589 0.000540581 0.000473194 0.000451844 0.000444333 0.000406784 0.00036544 0.000358858 0.000370603 0.000356882 0.000340615 0.000314334 0.000278592 0.000239601 0.000193192 0.000144855 
0.000261965 0.000300116 0.000351195 0.000388078 0.000471495 0.000535773 0.000598408 0.000563206 0.000480473 0.000448927 0.000440076 0.000417431 0.000392645 0.000354854 0.00034772 0.000337382 0.000326322 0.000310306 0.000286665 0.000247193 0.000230548 0.000210464 0.00018327 0.000147726 
0.000261368 0.00033733 0.000387437 0.000440995 0.000511472 0.000578758 0.000534789 0.000473652 0.000439049 0.000430542 0.000431121 0.000420982 0.00038337 0.000348745 0.000322749 0.000311736 0.000309982 0.000282293 0.00025397 0.000236171 0.000220042 0.000190734 0.000153654 0.000118083 
0.000278766 0.000353037 0.000441222 0.000514161 0.000574301 0.000548495 0.000477396 0.000456855 0.000459289 0.000445309 0.000427537 0.000419386 0.000392209 0.000364596 0.000337679 0.00032371 0.000276185 0.000237385 0.000224659 0.000241851 0.000230288 0.000188278 0.000149527 0.000107977 
0.000310133 0.000409207 0.000505589 0.000561537 0.000557819 0.000459572 0.000441222 0.000420421 0.000428069 0.000413691 0.000400108 0.00039462 0.000373321 0.000344996 0.000318783 0.000291924 0.000248262 0.000235606 0.000239341 0.00024696 0.00019512 0.000152039 0.000122882 9.40517e-05 
0.000332476 0.00042648 0.000514738 0.000538733 0.000464047 0.000412924 0.000383773 0.00040064 0.000405605 0.000387523 0.000372273 0.000365931 0.000349651 0.000326182 0.000304091 0.000273897 0.000236167 0.000243714 0.00023648 0.000197378 0.000159609 0.000112415 7.87689e-05 6.78338e-05 
0.000310529 0.000405736 0.000455774 0.000436985 0.000421484 0.000389433 0.000381059 0.000401324 0.000404749 0.000392842 0.000376283 0.000357674 0.000335254 0.000315299 0.000286453 0.000260798 0.000238037 0.000240236 0.000226149 0.000178273 9.04179e-05 2.16891e-05 1.72077e-05 1.74975e-06 
0.000300112 0.000352691 0.000376526 0.000404703 0.00039721 0.000371975 0.000378334 0.000385381 0.000381188 0.000372084 0.000358511 0.000336595 0.000316491 0.000297811 0.000261527 0.000245759 0.000242616 0.000233334 0.000215828 0.000149162 5.20112e-05 4.40267e-05 4.00816e-05 2.53803e-06 
0.000242528 0.000306523 0.000360555 0.000375221 0.000364043 0.000365474 0.00037593 0.000376256 0.000364522 0.000351703 0.000341341 0.000328321 0.000303474 0.000272662 0.000238062 0.000227214 0.000232155 0.000244716 0.000218589 0.000127152 7.73344e-05 5.32169e-05 4.38511e-05 4.98859e-05 
0.000230269 0.000280679 0.000324495 0.000353112 0.000358082 0.000362307 0.000369246 0.000371162 0.000360486 0.000351344 0.000348845 0.00033492 0.000306846 0.000276606 0.000244701 0.000233427 0.00025576 0.00027341 0.0002294 0.000136596 7.47307e-05 4.14726e-05 3.04873e-05 9.67109e-06 
0.000241124 0.000286683 0.000325663 0.00035091 0.000359898 0.000357211 0.00035544 0.000355218 0.00035414 0.000357079 0.000345278 0.000322718 0.000292714 0.000263012 0.0002393 0.000229585 0.000247885 0.000271341 0.000225016 0.000124605 7.25105e-05 6.11244e-05 3.33717e-05 -7.57028e-06 
0.000200494 0.00024595 0.000292047 0.000335839 0.000356355 0.000363257 0.000371384 0.000373929 0.000370173 0.000355858 0.000327106 0.000298369 0.000272485 0.000241462 0.000222553 0.000219043 0.0002258 0.000231057 0.000160888 0.000116847 0.000119752 5.38585e-05 1.66459e-05 -1.83577e-05 
0.000171691 0.000217919 0.000267991 0.000314546 0.000344936 0.000356684 0.000371083 0.000381825 0.000379301 0.000353989 0.000322936 0.000307231 0.000298005 0.000277602 0.000263993 0.000249135 0.00026003 0.000241822 0.000167632 0.000196566 0.000183246 0.000129442 5.03409e-05 4.30572e-06 
0.000141043 0.000187274 0.000239347 0.000296153 0.000335488 0.00036864 0.000384896 0.000386339 0.000384137 0.000360526 0.000320307 0.0003092 0.000313452 0.000305498 0.000295178 0.00028743 0.000288234 0.000255631 0.000254935 0.000256941 0.000225013 0.000160883 9.62704e-05 5.43075e-05 
0.000174386 0.000226589 0.000282843 0.000307224 0.000334661 0.000346669 0.000354669 0.000345001 0.000337714 0.000324049 0.000324004 0.000320572 0.000322873 0.000306883 0.000301038 0.000301492 0.000293608 0.00027213 0.000285007 0.000275471 0.000232075 0.000179497 0.00012357 7.61603e-05 
8.72699e-05 0.000131101 0.000153893 0.000160584 0.000179627 0.00019506 0.000198384 0.000193195 0.00018572 0.00018344 0.000220909 0.000270456 0.000286509 0.000275173 0.000256104 0.000219942 0.000227612 0.000253383 0.000222882 0.000185858 0.00015864 0.000128212 9.76892e-05 6.57393e-05 
4.63665e-05 5.74496e-05 7.35255e-05 0.000101696 0.000116834 0.000126749 0.000135278 0.000138732 0.000130442 0.000114385 0.000121548 0.000157974 0.000173768 0.000172373 0.000164634 0.000188763 0.00018966 0.000211822 0.000183331 0.000149024 0.000116992 0.000104989 8.29198e-05 5.41568e-05 
6.03088e-05 7.27731e-05 8.06191e-05 0.000113457 0.000161956 0.000195674 0.000206986 0.00020839 0.000206963 0.000209268 0.000206752 0.000202248 0.000199397 0.000194072 0.000194264 0.000193246 0.000204188 0.000176368 0.000131052 8.81322e-05 5.03326e-05 3.72585e-05 2.63555e-05 1.77709e-05 
