-0.000130462 -0.000152011 -0.000160348 -0.00014881 -0.00015097 -0.000147205 -0.000136141 -0.000147995 -0.000183867 -0.000224852 -0.000247407 -0.000249908 -0.000240332 -0.000222597 -0.000192736 -0.000151574 -0.000112523 -7.54975e-05 -3.90125e-05 -2.75977e-05 -3.11949e-05 -3.40549e-05 -3.07104e-05 -2.49296e-05 
-0.000126175 -0.000143953 -0.000155841 -0.000161829 -0.000188109 -0.000237357 -0.000293412 -0.000365218 -0.000449938 -0.000538769 -0.000610025 -0.000635423 -0.000608705 -0.000561157 -0.000490268 -0.000421641 -0.000296951 -0.000170478 -9.60452e-05 -6.21704e-05 -5.82692e-05 -5.16412e-05 -4.67957e-05 -4.66356e-05 
-9.09327e-05 -0.000101953 -0.000121745 -0.00014769 -0.000194871 -0.000274669 -0.000387014 -0.000517619 -0.000653871 -0.00081134 -0.000962625 -0.00102032 -0.00102536 -0.000953573 -0.000840362 -0.000679195 -0.000505684 -0.000387825 -0.000243426 -0.000113708 -5.85832e-05 -4.24347e-05 -3.80107e-05 -3.28214e-05 
-7.536e-05 -8.38162e-05 -0.000101283 -0.000168059 -0.000231864 -0.00031661 -0.000474608 -0.000696883 -0.000931487 -0.00115306 -0.00136246 -0.0015128 -0.0015321 -0.00143831 -0.00125412 -0.00104371 -0.000813841 -0.000587808 -0.000420987 -0.000311842 -0.000227705 -0.000192652 -0.000179007 -0.000164688 
-9.81774e-05 -0.000117441 -0.000153046 -0.0002064 -0.00025711 -0.000376415 -0.000564275 -0.000804315 -0.00108107 -0.00133436 -0.0015642 -0.00174123 -0.00181438 -0.00178459 -0.00162563 -0.00135406 -0.00107713 -0.000810644 -0.000625927 -0.000498718 -0.000414265 -0.000325902 -0.000278785 -0.000225155 
-9.91106e-05 -0.000121016 -0.000144041 -0.000199914 -0.000282934 -0.000431999 -0.00065333 -0.000869419 -0.00112001 -0.00137447 -0.00159003 -0.00176233 -0.00187943 -0.00192903 -0.00184294 -0.00160106 -0.00133205 -0.00103771 -0.000808733 -0.000665311 -0.000533323 -0.000410502 -0.000313773 -0.000237571 
-0.000112745 -0.000141072 -0.000174001 -0.000272241 -0.000390764 -0.000566397 -0.00079093 -0.0010147 -0.0013639 -0.00160977 -0.00179941 -0.00191878 -0.00195376 -0.00193825 -0.00188177 -0.0017133 -0.0014637 -0.00127747 -0.00109282 -0.000928859 -0.000772772 -0.000642153 -0.000502795 -0.000395655 
-8.83164e-05 -0.000112578 -0.000152684 -0.000264686 -0.000407593 -0.000593441 -0.000757634 -0.000917117 -0.00122626 -0.0015152 -0.00169165 -0.00180732 -0.00187153 -0.00188146 -0.00181632 -0.00175239 -0.00159508 -0.00149912 -0.00143925 -0.00131388 -0.001083 -0.000857101 -0.000649863 -0.000508704 
-7.3125e-05 -9.02009e-05 -0.000128987 -0.000239475 -0.000425854 -0.000604248 -0.00071097 -0.000864916 -0.00115379 -0.00146942 -0.00159232 -0.00163145 -0.00168015 -0.00172978 -0.00173848 -0.00168569 -0.00155853 -0.0015266 -0.00156087 -0.00147402 -0.00130015 -0.00112679 -0.000909448 -0.000662577 
-0.000112045 -0.000142604 -0.000163819 -0.00024815 -0.000381269 -0.000485391 -0.000598628 -0.000784865 -0.00115848 -0.00152272 -0.00170544 -0.00171914 -0.00173837 -0.00175198 -0.00175348 -0.00161111 -0.00144331 -0.001395 -0.00144031 -0.00142648 -0.00135673 -0.0012112 -0.00102268 -0.000800779 
-0.000130171 -0.000169281 -0.000192484 -0.000224884 -0.000295359 -0.000383757 -0.000533295 -0.000691902 -0.000992437 -0.00141754 -0.00166294 -0.00171937 -0.0017547 -0.00173964 -0.00167051 -0.00157807 -0.00145353 -0.00136864 -0.00139103 -0.00142102 -0.00138523 -0.00128638 -0.0011125 -0.000879718 
-9.34416e-05 -0.000122737 -0.000149349 -0.00018349 -0.000298188 -0.000460647 -0.000600711 -0.000754163 -0.00101212 -0.00136434 -0.00156164 -0.00163478 -0.00165023 -0.0016379 -0.00160429 -0.00153044 -0.00142624 -0.00145227 -0.00151607 -0.00153971 -0.00154123 -0.00144186 -0.00124277 -0.000995411 
-0.000113649 -0.000154761 -0.000200757 -0.000235127 -0.000331823 -0.000494818 -0.000724424 -0.000927563 -0.00117584 -0.00142064 -0.00154457 -0.00156671 -0.00156389 -0.00152498 -0.00148377 -0.00145265 -0.00142751 -0.00150555 -0.00162607 -0.00169183 -0.00170662 -0.00161249 -0.00141268 -0.00114346 
-0.000111217 -0.000154947 -0.000220695 -0.000303725 -0.000452055 -0.000707768 -0.00100053 -0.00119158 -0.00133173 -0.00142764 -0.00143314 -0.00141314 -0.00136637 -0.00133261 -0.00136401 -0.00137714 -0.00141252 -0.00150171 -0.00162989 -0.00171715 -0.00172888 -0.00161151 -0.00138377 -0.0011277 
-0.000115332 -0.000181466 -0.000264911 -0.000437427 -0.000679368 -0.000955561 -0.00121973 -0.00140298 -0.00146935 -0.00145128 -0.00142043 -0.0013881 -0.00136335 -0.00137049 -0.00141995 -0.00143169 -0.00144225 -0.00147779 -0.00151639 -0.00151602 -0.00146438 -0.00132255 -0.00112404 -0.000915711 
-0.000167176 -0.000294473 -0.000462185 -0.000654767 -0.000918403 -0.00117313 -0.00140454 -0.00156668 -0.00156832 -0.00155763 -0.00155424 -0.0015597 -0.00151907 -0.00149936 -0.00147723 -0.00145406 -0.00142127 -0.00138863 -0.00136804 -0.00134211 -0.00128173 -0.00114834 -0.000966502 -0.000776837 
-0.000208643 -0.000370246 -0.000584947 -0.000856977 -0.00112697 -0.00139518 -0.00161519 -0.0016453 -0.00162932 -0.00165768 -0.00175284 -0.00172801 -0.00159691 -0.00151793 -0.00147044 -0.00142521 -0.00136253 -0.00130905 -0.00126679 -0.00121705 -0.00113865 -0.00100427 -0.000819176 -0.000636816 
-0.000276162 -0.000514531 -0.000772974 -0.00103667 -0.00135129 -0.00160183 -0.00166316 -0.00166279 -0.00168571 -0.00176627 -0.00174208 -0.00160055 -0.00147122 -0.00138676 -0.00135045 -0.00127526 -0.00117736 -0.00109718 -0.00102687 -0.000953939 -0.000850509 -0.000724477 -0.000592643 -0.00047301 
-0.000402812 -0.000672692 -0.000957794 -0.00126601 -0.00147187 -0.00156504 -0.0016344 -0.00165521 -0.00171244 -0.00170803 -0.00157971 -0.00144336 -0.00132434 -0.00124219 -0.00117956 -0.00108653 -0.00096874 -0.000869185 -0.000796844 -0.000735167 -0.000662622 -0.000571052 -0.000459799 -0.000359199 
-0.000562641 -0.000859091 -0.00116833 -0.00130224 -0.00138088 -0.00145998 -0.001488 -0.00156309 -0.0015968 -0.00148124 -0.00138059 -0.00126735 -0.00112549 -0.000998677 -0.000915569 -0.000819828 -0.000727317 -0.000678848 -0.000648671 -0.00061454 -0.00056162 -0.000481744 -0.00037923 -0.000297488 
-0.000688568 -0.000997867 -0.00110017 -0.0011843 -0.00128872 -0.00133135 -0.00138949 -0.00142984 -0.0013222 -0.00122323 -0.00114019 -0.000901683 -0.000765059 -0.000635733 -0.000539461 -0.000459073 -0.000399215 -0.000379767 -0.00037813 -0.000372886 -0.000360962 -0.000323822 -0.000274334 -0.000230242 
-0.000790094 -0.000897756 -0.00100495 -0.00110588 -0.00119785 -0.00129228 -0.00129239 -0.00121942 -0.00109437 -0.00100826 -0.000830418 -0.000713143 -0.000621448 -0.000566084 -0.000548186 -0.000555023 -0.000531082 -0.000501782 -0.000472245 -0.000415631 -0.000365844 -0.000301246 -0.000236783 -0.000172929 
-0.000713912 -0.000841435 -0.000957924 -0.00108017 -0.00122305 -0.00128944 -0.001244 -0.00108536 -0.000957082 -0.000776193 -0.00069572 -0.000669837 -0.0006719 -0.000653958 -0.00063775 -0.000630552 -0.00060085 -0.00053701 -0.000461041 -0.000394094 -0.000324946 -0.000257236 -0.000191632 -0.000135868 
-0.00071138 -0.000852191 -0.00100592 -0.00116332 -0.0012952 -0.00127466 -0.00115981 -0.000917961 -0.000679978 -0.000638953 -0.000620936 -0.000597366 -0.00059521 -0.000608414 -0.000592574 -0.000556971 -0.000512867 -0.000460198 -0.000425353 -0.000384985 -0.000344281 -0.000297221 -0.000237751 -0.000179793 
-0.00074663 -0.000922773 -0.00110643 -0.00120831 -0.00123921 -0.00116602 -0.000939725 -0.000718519 -0.000692653 -0.000658617 -0.000638142 -0.000619787 -0.000602064 -0.000571664 -0.00053162 -0.000485139 -0.000428774 -0.000414918 -0.000407761 -0.000399117 -0.000393533 -0.00035291 -0.000295984 -0.000240938 
-0.00075676 -0.000977835 -0.00110309 -0.0011139 -0.00109462 -0.000957377 -0.000745273 -0.000727698 -0.00069092 -0.000701702 -0.000703352 -0.00068915 -0.000655181 -0.000606317 -0.000555765 -0.000497517 -0.000433528 -0.000396796 -0.000384111 -0.000411709 -0.000420813 -0.000406164 -0.000378475 -0.000317583 
-0.000722259 -0.000881076 -0.000949522 -0.000988985 -0.000943373 -0.000767082 -0.000787932 -0.000758483 -0.00076826 -0.000785064 -0.000777763 -0.000751438 -0.000712537 -0.000658685 -0.000604828 -0.000559496 -0.000491281 -0.00042037 -0.000410922 -0.000453497 -0.000514639 -0.000510623 -0.000438162 -0.000356905 
-0.000679143 -0.00078049 -0.00086282 -0.000888703 -0.000748194 -0.0008082 -0.000817453 -0.000811222 -0.000825434 -0.000825906 -0.000815274 -0.000777204 -0.000721685 -0.000653308 -0.000609876 -0.000575851 -0.000500892 -0.000435372 -0.000446551 -0.000509701 -0.000535959 -0.000506822 -0.0004388 -0.000399167 
-0.000612373 -0.000696277 -0.000734128 -0.000676325 -0.000729686 -0.000788848 -0.000822399 -0.000845197 -0.000852718 -0.000836561 -0.000810038 -0.000759259 -0.000689573 -0.00061651 -0.000582527 -0.00054182 -0.000468558 -0.000443886 -0.000494541 -0.000573985 -0.000638792 -0.000609616 -0.000556927 -0.00051923 
-0.000482036 -0.000515935 -0.000549857 -0.00060766 -0.000674204 -0.00071776 -0.000777216 -0.0008143 -0.000820557 -0.00080559 -0.000776732 -0.000722515 -0.000653751 -0.000595517 -0.00055711 -0.000519301 -0.000466546 -0.000465883 -0.000550202 -0.000652252 -0.000721313 -0.000677541 -0.000598027 -0.000552875 
-0.000332473 -0.000412983 -0.000516489 -0.000581521 -0.000603846 -0.00066466 -0.000733087 -0.000761067 -0.000761013 -0.000750768 -0.000732921 -0.000696809 -0.00064298 -0.000596491 -0.000558585 -0.000526134 -0.000500538 -0.000518865 -0.00061207 -0.000672313 -0.000675163 -0.000570564 -0.000483797 -0.000398064 
-0.000337852 -0.000417362 -0.000487227 -0.00054209 -0.00058196 -0.00062729 -0.000672134 -0.000691729 -0.000694443 -0.000690768 -0.000678936 -0.000656399 -0.000637883 -0.00061877 -0.000588033 -0.000550727 -0.000543205 -0.000579909 -0.000628 -0.000582387 -0.000542393 -0.000434643 -0.000368998 -0.000291047 
-0.000316707 -0.000373991 -0.000445664 -0.000516079 -0.000565437 -0.000603741 -0.000625871 -0.000640249 -0.000639449 -0.000631961 -0.000617741 -0.000614185 -0.000609161 -0.000601307 -0.000582716 -0.000549123 -0.000547762 -0.000565313 -0.000539655 -0.000494326 -0.000420256 -0.000348082 -0.000262182 -0.000183929 
-0.0002868 -0.00035586 -0.000435464 -0.000529806 -0.000573353 -0.000594702 -0.000605091 -0.000603348 -0.000604137 -0.000602824 -0.000586766 -0.000564364 -0.000549304 -0.000531769 -0.000511452 -0.000479813 -0.000460305 -0.000488117 -0.000478636 -0.00045279 -0.000437795 -0.000309819 -0.000193142 -0.00013498 
-0.000297601 -0.000372175 -0.000450828 -0.000534491 -0.000573664 -0.000577115 -0.000575367 -0.000570648 -0.000572701 -0.000557172 -0.000539292 -0.000504588 -0.000486269 -0.000483911 -0.000472367 -0.000434304 -0.000429799 -0.000470519 -0.000454738 -0.000502799 -0.000455347 -0.000366342 -0.000241944 -0.000168595 
-0.000259944 -0.000343431 -0.000437361 -0.000512744 -0.000536058 -0.000541103 -0.000544395 -0.000545254 -0.000546959 -0.000552713 -0.000551624 -0.000504864 -0.00048301 -0.000485377 -0.00047974 -0.000477139 -0.000485519 -0.000465837 -0.00053546 -0.000540029 -0.000475563 -0.000372367 -0.000247322 -0.000170687 
-0.00032009 -0.000413909 -0.00050412 -0.000567196 -0.000595758 -0.000611332 -0.000620337 -0.000630598 -0.000646188 -0.000661988 -0.000637901 -0.000590022 -0.000566441 -0.000568594 -0.000559802 -0.000516112 -0.000483201 -0.000526364 -0.000563279 -0.000510732 -0.00038872 -0.000279156 -0.000204341 -0.000161618 
-0.000442845 -0.000532208 -0.000625057 -0.000700521 -0.000712763 -0.000707176 -0.000686241 -0.000687356 -0.000714005 -0.000741379 -0.000724849 -0.00068212 -0.000627577 -0.000611426 -0.000607902 -0.000563439 -0.000543453 -0.000549279 -0.000538158 -0.000502806 -0.000400353 -0.000291408 -0.000214286 -0.00015509 
-0.00034568 -0.00042655 -0.000491627 -0.000530873 -0.000525973 -0.000513872 -0.000521854 -0.000539395 -0.000565599 -0.000620922 -0.000627545 -0.000604977 -0.000579608 -0.000562087 -0.000533329 -0.000515377 -0.000496134 -0.000524109 -0.000486432 -0.000439955 -0.000343902 -0.000240629 -0.000158036 -0.000104094 
-0.000289501 -0.00034643 -0.000378525 -0.000374696 -0.000356147 -0.000355552 -0.00037103 -0.000388107 -0.000405135 -0.00041876 -0.000444459 -0.000434923 -0.000428749 -0.00041455 -0.000404616 -0.000403804 -0.000445163 -0.000447133 -0.000411672 -0.000351027 -0.000258874 -0.000184146 -0.000133398 -9.47487e-05 
