0.000100923 0.000113503 0.000115896 0.000107597 8.61677e-05 5.42626e-05 2.52569e-05 2.01612e-05 3.82948e-05 4.51174e-05 6.71317e-05 8.81811e-05 8.40696e-05 7.77104e-05 7.61462e-05 6.80633e-05 5.37217e-05 4.12792e-05 2.45942e-05 8.41607e-06 7.48563e-06 8.93032e-06 7.04744e-06 5.27531e-06 
5.60542e-05 6.04374e-05 6.03683e-05 5.70323e-05 5.54225e-05 5.62287e-05 8.29439e-05 0.000109211 0.000126405 0.00016183 0.00017558 0.000181279 0.000165816 0.000120658 7.33332e-05 5.71294e-05 5.6489e-05 4.6612e-05 4.98614e-05 2.49112e-05 8.09185e-06 1.09065e-05 1.34153e-05 1.37395e-05 
3.93203e-05 4.20768e-05 4.11487e-05 4.25929e-05 8.28275e-05 0.000145981 0.000216667 0.000289938 0.000356615 0.000432715 0.000498221 0.000494724 0.000432363 0.000377454 0.000318702 0.000233258 0.000125947 8.65257e-05 5.44279e-05 5.82053e-05 4.03573e-05 2.81759e-05 3.24342e-05 3.74804e-05 
3.92004e-05 4.18753e-05 4.57788e-05 6.21052e-05 0.000114064 0.000205394 0.000299071 0.000414491 0.000500778 0.000593488 0.000668619 0.000694502 0.000676814 0.000624024 0.000535948 0.000465831 0.000334977 0.000181927 0.000120704 8.71567e-05 7.24354e-05 6.87191e-05 9.95955e-05 0.000104768 
4.66075e-05 5.28887e-05 6.77342e-05 7.62864e-05 9.81368e-05 0.000184313 0.000299485 0.000389823 0.00048171 0.0005956 0.000697102 0.00078606 0.000825591 0.000787062 0.000701482 0.000588881 0.000438345 0.00032496 0.000274737 0.000323485 0.000348485 0.000316773 0.000297836 0.000284366 
4.73397e-05 5.77967e-05 7.83994e-05 0.000104102 0.000132764 0.000197418 0.000294797 0.000382546 0.000473647 0.0005643 0.00064597 0.000756167 0.000807369 0.00079831 0.000760206 0.00069703 0.000548529 0.00041356 0.000351256 0.000426647 0.00049196 0.000448367 0.00037629 0.000313696 
3.75665e-05 5.13505e-05 6.55553e-05 7.69005e-05 0.000106248 0.000199033 0.000337267 0.000467543 0.000560455 0.000619056 0.000665934 0.000761859 0.000790635 0.000788451 0.000802411 0.000793295 0.000754571 0.000604367 0.000500292 0.000475644 0.000511615 0.000470434 0.000367924 0.000311673 
4.45848e-06 8.7264e-06 5.45847e-06 2.48227e-05 5.5175e-05 0.000165245 0.000324905 0.000419304 0.000485334 0.000499228 0.000561383 0.000699518 0.000779817 0.000799397 0.000830185 0.00093115 0.000975972 0.000889724 0.000727823 0.000594399 0.000533319 0.000452496 0.00035793 0.00026193 
2.66132e-06 4.71224e-06 -1.01339e-06 1.64079e-05 7.45683e-05 0.000171104 0.000265955 0.000349223 0.000436557 0.00051596 0.000574874 0.000675673 0.000763437 0.000818145 0.000886697 0.000992153 0.00105166 0.00102909 0.000928638 0.000827916 0.000720302 0.000621182 0.000504301 0.000376891 
2.43889e-05 3.6221e-05 4.05496e-05 6.07088e-05 0.00013448 0.000214691 0.000312111 0.000432118 0.000537281 0.000631153 0.000696763 0.000763773 0.000840166 0.000931602 0.00102429 0.00114609 0.00120773 0.00121794 0.00119318 0.00111617 0.00099295 0.00083515 0.000667562 0.000523218 
6.29462e-05 8.09586e-05 9.05074e-05 0.000105541 0.000148949 0.000210497 0.000302658 0.000428504 0.000551576 0.000669058 0.000787266 0.000896666 0.00101177 0.00110011 0.00119544 0.0012709 0.00127413 0.00126551 0.00126969 0.001212 0.00110591 0.000946599 0.00074686 0.000558159 
6.71359e-05 8.37357e-05 9.77903e-05 0.000106175 0.000130465 0.000199253 0.000317541 0.000448055 0.000575748 0.000708625 0.000861149 0.0010024 0.00112507 0.00119887 0.00124154 0.00126695 0.00128676 0.00129475 0.00127322 0.00119915 0.00108941 0.00094552 0.000764296 0.000563768 
3.88038e-05 5.05937e-05 5.33551e-05 6.70092e-05 0.000118023 0.000225156 0.000399206 0.000576368 0.000726577 0.000877366 0.00103128 0.00115814 0.00121872 0.00122877 0.00123251 0.00124836 0.00121922 0.00121446 0.00120624 0.0011664 0.00107153 0.000935386 0.000762492 0.000582713 
-3.53161e-06 5.6883e-06 2.03143e-05 6.09165e-05 0.00015894 0.000353458 0.000536709 0.000722983 0.000885349 0.00104781 0.00114832 0.00115597 0.0011612 0.00118024 0.00115815 0.00111924 0.00107468 0.00104239 0.000999772 0.000938993 0.000868309 0.000766944 0.000635391 0.000498761 
4.03363e-06 3.1293e-05 8.70254e-05 0.000183987 0.000329382 0.000477261 0.000625625 0.000769869 0.000900122 0.00103153 0.0010739 0.00106261 0.00107001 0.00105214 0.00100806 0.000950581 0.000897252 0.000845168 0.000787076 0.000728397 0.00066703 0.000587489 0.000485145 0.000384071 
7.50249e-05 0.000159248 0.000235516 0.000316883 0.000416798 0.000531996 0.000677398 0.000818148 0.000948685 0.00101704 0.000982971 0.00096423 0.000909701 0.000834769 0.000751778 0.000685816 0.00063341 0.00059538 0.000564469 0.000529444 0.000492078 0.000445878 0.00037738 0.000304783 
0.000140868 0.000190394 0.000266476 0.000370249 0.0004992 0.000655623 0.000814602 0.000954598 0.00101886 0.000964715 0.000906578 0.000812345 0.000688325 0.000582288 0.000510346 0.000459082 0.000419697 0.000390245 0.000369866 0.000359248 0.000349937 0.000324669 0.000279199 0.000231192 
0.000134204 0.000189911 0.00029288 0.000449229 0.00065396 0.000850384 0.000996989 0.00106508 0.000981627 0.000904439 0.000778762 0.000604223 0.000463133 0.000377265 0.000324651 0.000284764 0.000249275 0.00022666 0.000224093 0.000231628 0.000237703 0.000219401 0.000192306 0.000159969 
0.000140273 0.000209461 0.000366979 0.000602864 0.000843708 0.0010306 0.00108154 0.000987852 0.000854928 0.000723303 0.000538177 0.000392489 0.000312744 0.000259176 0.000225067 0.000192363 0.000172194 0.000177469 0.000189555 0.000201103 0.000205404 0.000185039 0.000155342 0.000123799 
0.000188317 0.000341698 0.000595023 0.000865002 0.00106489 0.00112378 0.00105361 0.000888305 0.000716024 0.00050984 0.000347911 0.000224387 0.000194631 0.000191962 0.000182835 0.000148758 0.00012645 0.000153387 0.000176721 0.000183764 0.000178274 0.000149882 0.000115173 8.85371e-05 
0.000373069 0.000611366 0.000853855 0.00100967 0.00106476 0.00104755 0.000913371 0.000736806 0.000511775 0.000342148 0.000207136 0.000145933 0.000115823 0.000105852 0.000134786 0.000162071 0.000183195 0.000190848 0.000191561 0.000190683 0.000173311 0.000143334 0.000120217 0.000105271 
0.000537864 0.00075475 0.00090408 0.000969984 0.000972773 0.000861611 0.000700058 0.00049895 0.000307777 0.000208446 0.000160394 0.000131339 0.000149579 0.000177188 0.000231938 0.000289851 0.000293217 0.00028561 0.000266555 0.000249341 0.000221197 0.000175416 0.000139752 0.000115444 
0.000602344 0.000763721 0.000844164 0.00087187 0.000787631 0.000660394 0.000468738 0.000252983 0.000158897 0.000165307 0.000171821 0.000209038 0.000243448 0.000266339 0.000312883 0.000346369 0.000340476 0.000323923 0.000311485 0.000306071 0.000271111 0.000214695 0.000161004 0.000119313 
0.000600421 0.000714154 0.000751176 0.000720312 0.00063715 0.000469012 0.000281173 0.000178857 0.000156759 0.000224031 0.000284264 0.000315384 0.000314665 0.00033469 0.000358764 0.000362093 0.000342549 0.000301793 0.000310623 0.000301771 0.000283971 0.000244742 0.000202463 0.000159713 
0.000604566 0.000665551 0.000639056 0.000590643 0.000474844 0.000311205 0.000194779 0.000205671 0.00032014 0.000386256 0.000417887 0.000421157 0.000412091 0.000408601 0.000396366 0.000376704 0.000325494 0.000304725 0.000313868 0.000311118 0.000294326 0.000250082 0.000190642 0.000140399 
0.000534055 0.000541583 0.000523581 0.000467361 0.000354276 0.000212437 0.000245083 0.000352289 0.000422108 0.000476362 0.000492809 0.000490682 0.000478572 0.00045171 0.000437222 0.000387976 0.000347551 0.000339186 0.000342912 0.000364221 0.000339636 0.000268126 0.000212016 0.00019154 
0.000408878 0.000411396 0.000372958 0.000323217 0.000205769 0.000245442 0.000391865 0.000480061 0.000515137 0.000533058 0.000532088 0.000523836 0.000500564 0.000462424 0.000436649 0.000399943 0.000349878 0.00033552 0.000355915 0.000359559 0.000354953 0.000328613 0.000296593 0.000240275 
0.000298947 0.000284662 0.000251331 0.000182271 0.000165613 0.000327063 0.000472418 0.000527886 0.000533642 0.000535265 0.00053096 0.000519054 0.000495391 0.000454221 0.000423181 0.000379326 0.000335463 0.000333411 0.000332944 0.000356584 0.000348139 0.000327072 0.000314151 0.000283841 
0.00020307 0.000169784 0.000142201 0.000131602 0.000230637 0.00037628 0.000474523 0.000496177 0.000493451 0.000489644 0.000485164 0.000471673 0.000447051 0.000416702 0.000403957 0.000358811 0.000309496 0.000305599 0.000334654 0.000342327 0.000327823 0.000364637 0.000391273 0.000370627 
0.000110624 0.000103503 0.000110625 0.000186196 0.000300656 0.000390154 0.00044061 0.000448849 0.000446522 0.00044133 0.000435237 0.000426291 0.000406925 0.000387576 0.000378167 0.000345444 0.000315856 0.000331133 0.000337564 0.000322987 0.000345289 0.000363738 0.000351891 0.000342688 
8.08988e-05 0.000101688 0.000168018 0.000260415 0.000333805 0.000386203 0.000410479 0.000410499 0.000404278 0.000397023 0.000392178 0.000388558 0.000385362 0.000374606 0.000351465 0.000327422 0.000327992 0.000339692 0.000316646 0.000294143 0.000264693 0.000242258 0.000193944 0.000123904 
0.000117184 0.000176102 0.000236525 0.000303711 0.00035058 0.000380141 0.00038395 0.000377729 0.000371226 0.000362445 0.000360303 0.000364414 0.000371908 0.000369727 0.000354139 0.000340404 0.00035117 0.000344681 0.000307568 0.000231011 0.000177264 0.000147962 0.000123466 0.000116423 
0.00016678 0.000221376 0.000274134 0.000323219 0.000356039 0.000375121 0.000377097 0.000370844 0.000372677 0.000372715 0.000371887 0.000364156 0.000359588 0.000359576 0.000358715 0.000358436 0.00037398 0.000360521 0.000291028 0.00021808 0.000164522 0.000117755 0.000100085 0.000104886 
0.000195361 0.000245867 0.000296772 0.000348194 0.000388136 0.000409414 0.000418568 0.000417211 0.000418269 0.000419268 0.000411981 0.000394353 0.000381172 0.00037165 0.000372278 0.00037748 0.000355228 0.000292592 0.000242569 0.000217705 0.000180973 0.00013311 0.000123707 0.000133922 
0.000218324 0.00028454 0.000352878 0.000414754 0.000442496 0.000444144 0.000443937 0.000445936 0.00045617 0.000463791 0.000457341 0.000445914 0.000439679 0.000442391 0.000438451 0.000393089 0.00031822 0.000247671 0.000221753 0.000231967 0.000190564 0.000161413 0.000151052 0.000122498 
0.000215093 0.000291307 0.00035827 0.000406708 0.000418567 0.000405001 0.000397715 0.000401913 0.000414999 0.000433756 0.00044878 0.000436293 0.00043128 0.000424252 0.00039473 0.000333001 0.000250145 0.000207703 0.000232743 0.00020438 0.000196129 0.00017029 0.000146352 0.000109371 
0.000163736 0.000225602 0.000280371 0.00033193 0.000366266 0.000379833 0.000376785 0.000383289 0.000395888 0.000412324 0.00041452 0.000376923 0.000340703 0.000332119 0.000313551 0.000267752 0.000207089 0.000223553 0.000237836 0.000217797 0.000194173 0.000165704 0.000148924 0.000118001 
0.000116779 0.000156978 0.000209224 0.000249969 0.000271504 0.000284514 0.000280697 0.000279682 0.000283525 0.000285863 0.000286253 0.000258835 0.000223284 0.000208245 0.000197008 0.000153575 0.000168823 0.000208494 0.000218567 0.000212383 0.000180448 0.000138101 0.000106995 7.75017e-05 
9.23473e-05 0.0001153 0.000140005 0.000151836 0.000157245 0.000149176 0.000143703 0.000143572 0.000142518 0.000146574 0.000164352 0.0001667 0.000147861 0.000131643 0.000106353 8.52181e-05 8.88303e-05 9.04054e-05 0.000122155 0.000124022 0.000104819 8.35362e-05 6.56085e-05 5.16981e-05 
3.21256e-05 3.97949e-05 3.62838e-05 1.6735e-05 -8.69061e-06 -2.6127e-05 -3.82291e-05 -4.25343e-05 -4.1969e-05 -3.86057e-05 -1.24547e-05 1.72919e-05 2.33667e-05 2.1044e-05 7.31856e-06 -6.95381e-06 -1.06143e-05 2.35335e-05 4.60312e-05 4.898e-05 4.55463e-05 4.27742e-05 4.04328e-05 3.01947e-05 
