5.19565e-05 5.81782e-05 6.00883e-05 5.81581e-05 5.71086e-05 2.80896e-05 -1.33413e-05 -2.61553e-05 -1.18037e-05 -1.83254e-05 -3.79351e-05 -5.47184e-05 -6.26526e-05 -5.49548e-05 -4.86304e-05 -4.16211e-05 -3.26982e-05 -2.41978e-05 -1.36605e-05 1.21052e-06 4.47384e-06 1.68815e-06 -6.78224e-07 -2.1029e-06 
1.66591e-05 1.80516e-05 2.81951e-05 6.18353e-05 7.28823e-05 7.25378e-05 0.000102147 8.63592e-05 6.56961e-05 5.17931e-05 1.35546e-05 -4.41157e-05 -7.43826e-05 -5.66565e-05 -2.62545e-05 -1.53925e-05 -1.45218e-05 -4.71124e-06 -1.77998e-05 -2.47646e-05 -2.25553e-05 -2.67024e-05 -2.76495e-05 -2.69412e-05 
1.40678e-05 1.69075e-05 5.10718e-05 0.000133514 0.000177979 0.000201666 0.000217641 0.000252676 0.000309301 0.000344382 0.00031605 0.000263342 0.000242727 0.000216909 0.000186605 0.000110595 4.65856e-05 2.49354e-05 1.6923e-05 -1.04896e-05 -3.87798e-05 -4.72446e-05 -4.25255e-05 -3.82991e-05 
8.33782e-06 1.14949e-05 5.11958e-05 0.000178166 0.000275714 0.000337457 0.000423989 0.000514446 0.00063337 0.000720299 0.000756312 0.000745232 0.000671373 0.000617082 0.00053817 0.000387958 0.000206963 0.000102948 5.49599e-05 4.00473e-05 1.02211e-05 -8.8267e-06 -1.14154e-05 -1.17831e-05 
-8.34291e-06 -5.52698e-06 5.13713e-05 0.000179073 0.000306156 0.000408499 0.000499097 0.000640387 0.000839388 0.000957691 0.000971167 0.000908026 0.000839667 0.000806535 0.000737638 0.000554633 0.000362795 0.00016756 0.000115051 8.72228e-05 4.00836e-05 1.42707e-05 8.50784e-06 1.39357e-05 
-6.46073e-06 -3.81926e-07 4.06837e-05 0.000151817 0.00028024 0.000380707 0.000466938 0.000594692 0.000819571 0.00097768 0.00102895 0.000995486 0.000970965 0.000954016 0.000869496 0.000688399 0.000440395 0.000215628 0.000161565 0.000156981 0.000126447 6.67599e-05 3.3387e-05 1.91124e-05 
-4.25729e-06 1.59082e-06 4.09295e-05 0.000139278 0.00022157 0.00028559 0.000335839 0.000436749 0.000699591 0.000938936 0.00104224 0.00102954 0.00101151 0.000999014 0.000939535 0.000761639 0.000452641 0.000196689 0.000153818 0.000194331 0.000211977 0.00018879 0.000153116 0.000121161 
1.61664e-05 2.44899e-05 4.98652e-05 0.000116251 0.000186854 0.00024684 0.000252991 0.000337516 0.00064919 0.000960198 0.00111812 0.00108361 0.00108074 0.00108217 0.00100214 0.000674043 0.000370693 0.000138625 0.000136702 0.000151894 0.000147784 0.000153412 0.000124367 0.000107237 
-1.19276e-06 -1.36508e-06 1.09684e-05 5.34228e-05 9.99498e-05 0.000147701 0.000183359 0.000299419 0.000609735 0.000961154 0.00114888 0.00116064 0.00113405 0.00113513 0.00103702 0.000692549 0.00034528 0.000106359 9.94044e-05 0.000148949 0.000176267 0.000171144 0.000132306 9.24238e-05 
-6.31119e-06 -6.23286e-06 -5.47803e-06 -2.50171e-05 -6.47483e-05 -6.28782e-05 -5.77e-05 1.24826e-05 0.000276777 0.000608563 0.000823135 0.000873467 0.000917303 0.000943456 0.000857477 0.000577685 0.000255955 4.10788e-05 1.24306e-05 6.58421e-05 0.000121314 0.000122757 0.00013284 0.000120813 
-6.60075e-06 -1.13817e-05 -1.90528e-05 -4.40958e-05 -4.58555e-05 -2.7335e-05 -2.04065e-06 1.60843e-05 0.000149413 0.000401363 0.000563923 0.000614064 0.00063855 0.000638582 0.000593693 0.000440653 0.000207414 4.77171e-06 -2.97387e-05 2.12361e-05 7.8971e-05 0.000101035 9.42239e-05 0.00010742 
-4.02364e-06 -1.01809e-05 -1.26241e-05 -1.24792e-05 -7.49953e-06 1.08232e-05 2.78646e-05 7.41331e-05 0.000199215 0.000388043 0.000467429 0.000481567 0.000482571 0.000465078 0.000398973 0.000276848 0.000131815 7.00381e-05 5.65851e-05 6.41625e-05 9.03148e-05 0.000114931 0.00011626 0.000118837 
-2.56026e-06 1.29576e-06 1.43521e-05 1.20458e-06 3.95772e-06 4.62103e-05 0.000103025 0.000147496 0.000284603 0.000366028 0.000347051 0.000287452 0.000241961 0.000188434 0.000121227 7.68114e-05 1.29911e-06 -3.54104e-05 -3.78813e-05 -2.09042e-05 1.48572e-05 5.24387e-05 7.69173e-05 9.16595e-05 
-6.33435e-07 -1.08966e-05 -1.157e-05 1.12267e-05 5.25945e-05 6.46267e-05 6.98499e-05 8.19361e-05 0.000138177 0.000151155 8.837e-05 4.67154e-05 3.18687e-05 3.43791e-05 2.71684e-05 -1.15057e-05 -4.07483e-05 -3.9474e-05 -4.41292e-05 -4.70492e-05 -4.76373e-05 -4.63261e-05 -3.76999e-05 -2.83789e-05 
-1.99546e-05 -1.96514e-05 8.50446e-06 5.0493e-05 6.92672e-05 6.27776e-05 9.63663e-05 0.000127627 0.000174046 0.000128825 3.75109e-05 2.08665e-05 2.01071e-05 2.11746e-05 2.2548e-05 6.768e-06 -1.01158e-05 -1.51802e-05 -2.38542e-05 -2.80268e-05 -3.47687e-05 -3.95523e-05 -3.89404e-05 -3.13336e-05 
-7.46296e-06 1.91146e-06 3.5216e-05 6.32861e-05 7.40585e-05 0.000140889 0.000186061 0.000277406 0.000231856 9.04285e-05 7.38974e-05 8.86062e-05 8.6561e-05 7.93561e-05 5.71937e-05 5.33519e-05 5.554e-05 5.50707e-05 5.28723e-05 4.64004e-05 3.63443e-05 3.9243e-05 3.92587e-05 3.59461e-05 
1.64379e-05 4.8818e-05 5.31208e-05 7.13611e-05 0.000123178 0.000160044 0.000226043 0.000181189 3.93293e-05 4.03417e-05 8.51695e-05 8.08458e-05 7.63085e-05 5.8103e-05 5.03789e-05 4.99582e-05 5.53957e-05 5.64943e-05 5.32645e-05 6.86398e-05 8.59027e-05 9.12543e-05 8.28535e-05 6.60578e-05 
5.06076e-05 5.83528e-05 8.09871e-05 0.000122701 0.000145077 0.000172397 0.000127639 2.32441e-05 -7.77248e-06 3.96917e-05 3.22325e-05 2.63831e-05 1.05979e-05 5.12023e-05 7.55651e-05 9.45301e-05 0.000118345 0.000129309 0.000115921 9.32972e-05 8.38311e-05 8.31106e-05 7.09422e-05 5.28226e-05 
5.9714e-05 6.1796e-05 8.50545e-05 0.000115994 0.00010676 6.65671e-05 2.66548e-05 1.22821e-05 5.17235e-05 2.37474e-05 -4.25548e-06 5.29525e-05 0.000112765 0.000149838 0.000167942 0.000174048 0.000173841 0.000148421 0.000110794 8.01241e-05 5.8765e-05 4.93619e-05 4.13767e-05 3.04653e-05 
3.12648e-05 5.40239e-05 8.95239e-05 4.68063e-05 -1.04017e-05 -3.50665e-05 -4.42856e-05 1.43563e-05 6.76361e-06 -1.13119e-05 7.52678e-05 0.000180487 0.000213494 0.000232203 0.000219428 0.000196318 0.000170164 0.000139856 0.000106072 7.50057e-05 5.25567e-05 3.86921e-05 2.52723e-05 1.3217e-05 
6.70097e-05 9.80649e-05 6.14897e-05 3.57571e-06 -5.23661e-05 -6.08248e-05 -3.13174e-05 -9.79849e-06 6.0132e-07 9.6074e-05 0.000215808 0.000274311 0.000293463 0.000291736 0.000258732 0.000228334 0.000194167 0.000159536 0.000149403 0.000141812 0.000139445 0.000127579 0.000106094 8.39468e-05 
9.45472e-05 5.75994e-05 1.40805e-05 -2.10395e-05 -1.14751e-05 -1.26818e-05 6.43268e-06 2.92085e-05 0.000109398 0.000216086 0.000275523 0.00031016 0.000328386 0.00030902 0.000249535 0.00018415 0.000146106 0.000133629 0.000120239 0.000106989 0.000111925 0.000112678 0.000102681 8.08274e-05 
3.98079e-05 6.14546e-06 -2.57657e-05 -1.29945e-05 -1.27684e-05 -3.0379e-05 -1.11564e-05 6.58616e-05 0.000177341 0.000214195 0.000255316 0.000287079 0.00029396 0.000262884 0.000203015 0.000146234 0.00011557 7.5386e-05 4.45471e-05 3.64216e-05 4.63098e-05 5.57616e-05 5.768e-05 4.73943e-05 
1.39834e-05 -1.05305e-05 -1.44272e-05 -3.96862e-05 -6.08053e-05 -5.77795e-05 2.60634e-05 0.000124332 0.000162334 0.000211891 0.000257949 0.000279256 0.00027338 0.000242373 0.000204332 0.000164237 0.000113341 6.42655e-05 2.79659e-05 1.53379e-05 2.44376e-05 3.86324e-05 4.23387e-05 4.02917e-05 
1.45958e-05 1.81838e-05 4.79279e-06 -2.04149e-05 -5.2451e-05 3.37757e-05 0.000135873 0.000179643 0.000200037 0.000233361 0.000258812 0.000272954 0.00026006 0.000229337 0.000185994 0.000141073 9.17934e-05 3.93703e-05 -4.91252e-06 -7.20787e-06 2.11663e-05 5.54788e-05 6.65982e-05 7.13593e-05 
1.95062e-06 -2.46627e-07 4.82956e-06 6.83784e-06 5.90906e-05 0.000159358 0.000202565 0.000218212 0.000236068 0.000237048 0.00023246 0.00022758 0.000210901 0.000180653 0.000138607 9.0961e-05 3.6542e-05 -1.1883e-05 -3.01612e-05 6.87381e-06 7.04343e-05 0.000121054 0.000131312 0.000127967 
-1.70906e-05 -1.44814e-05 1.15024e-05 6.4395e-05 0.000145326 0.000190613 0.000206909 0.000219641 0.000219434 0.000205685 0.000198319 0.000188334 0.000166974 0.000134253 8.84397e-05 4.21665e-05 -6.70575e-06 -3.16511e-05 -1.46924e-05 4.9176e-05 0.000116263 0.000146707 0.000147761 0.000139773 
-1.80589e-05 1.27692e-05 6.5177e-05 0.000131373 0.000156938 0.000177381 0.000189814 0.000203739 0.000199399 0.000189761 0.000185591 0.000175167 0.000150212 0.000116539 7.02568e-05 2.58725e-05 -1.8467e-05 -2.44854e-05 3.34293e-05 9.5038e-05 0.000108818 0.000112733 0.000139431 0.000155284 
1.53458e-05 7.07091e-05 0.000118337 0.000138955 0.000151722 0.00015964 0.000166402 0.000172607 0.00016939 0.000163753 0.000161359 0.000157892 0.000144372 0.00011395 8.24171e-05 4.00849e-05 1.63922e-05 2.79057e-05 8.10297e-05 7.63322e-05 7.19568e-05 9.48462e-05 9.36197e-05 7.6024e-05 
4.40921e-05 7.54185e-05 0.000110809 0.000133431 0.000144214 0.000147784 0.000144111 0.000141909 0.00013714 0.000130417 0.000126264 0.000125578 0.000121892 0.000109831 9.03335e-05 6.02243e-05 5.56759e-05 7.28032e-05 8.76341e-05 7.01264e-05 4.72487e-05 2.44692e-05 7.66183e-06 -3.05037e-05 
3.98215e-05 6.14783e-05 9.27425e-05 0.000116627 0.000139071 0.000140863 0.000137437 0.000132306 0.00012255 0.000111068 0.000106303 0.000105829 0.000101832 0.000100643 9.70337e-05 8.57869e-05 9.17163e-05 0.000110802 0.000108533 9.0057e-05 6.13265e-05 3.12023e-05 -1.04584e-06 -1.74109e-05 
3.73121e-05 6.13039e-05 9.04849e-05 0.000119411 0.000144111 0.000152051 0.000154001 0.00014841 0.000133134 0.000115652 0.000103146 9.54476e-05 8.88251e-05 8.99998e-05 9.44845e-05 0.000102391 0.000132961 0.000159571 0.000151931 0.000135483 0.000124573 9.08634e-05 3.89521e-05 2.98491e-05 
6.42957e-05 8.23236e-05 0.000106946 0.000131195 0.000150118 0.000160876 0.000167505 0.000162251 0.000143325 0.000122563 0.000103631 8.8661e-05 7.95666e-05 7.658e-05 8.44919e-05 0.000112877 0.000169668 0.000208619 0.000207457 0.000185947 0.000174344 0.000140736 9.11541e-05 5.00892e-05 
7.2454e-05 0.000100553 0.000131189 0.000155656 0.000172543 0.000187156 0.000197077 0.000195219 0.000178882 0.000161992 0.000135751 0.000117791 0.000103847 9.49819e-05 0.000101592 0.00013579 0.000197572 0.000246564 0.00022509 0.000193645 0.000139113 9.13981e-05 5.03336e-05 3.14875e-05 
0.00012297 0.000145199 0.000173838 0.00021085 0.000239491 0.000256302 0.00025963 0.000259923 0.000256327 0.000240188 0.000199857 0.00016694 0.00014829 0.00013724 0.000145604 0.000188579 0.000243216 0.000261348 0.000239412 0.000209845 0.000156594 0.000105821 6.58302e-05 4.23942e-05 
0.000149049 0.000183768 0.000226179 0.000261034 0.000283643 0.000297038 0.00030668 0.000303371 0.000294094 0.000261894 0.000218438 0.000199354 0.000185431 0.000172017 0.000185625 0.000226592 0.000266152 0.000263677 0.000236945 0.000213258 0.000177946 0.000135104 8.16475e-05 4.84285e-05 
0.000131564 0.000169424 0.000212096 0.00023099 0.000223544 0.000215551 0.000222106 0.000213151 0.000195887 0.000180913 0.00018919 0.000200948 0.000200977 0.00018215 0.000187398 0.000196724 0.000184052 0.000169926 0.000151997 0.000130188 0.000111872 9.28315e-05 5.6331e-05 3.59196e-05 
3.29468e-05 6.96908e-05 8.1905e-05 6.07804e-05 3.69131e-05 2.90053e-05 3.84166e-05 3.72523e-05 2.19581e-05 3.01448e-05 8.16884e-05 0.000125648 0.000143612 0.000132772 0.000124029 0.000117848 0.000102942 9.53163e-05 5.75246e-05 3.92391e-05 3.07595e-05 8.6985e-06 -2.40663e-06 -9.14204e-06 
-6.95027e-06 1.23861e-05 1.87523e-05 4.7238e-06 -7.72408e-06 -1.25125e-05 -1.6647e-06 2.7838e-06 -6.23158e-06 1.01182e-06 3.73916e-05 8.21872e-05 0.000104203 0.00010269 0.000102992 9.73013e-05 9.21664e-05 5.68349e-05 5.10124e-06 -2.39925e-05 -4.23745e-05 -3.90535e-05 -2.61223e-05 -2.00894e-05 
4.30947e-05 6.05957e-05 6.49826e-05 7.07834e-05 8.0411e-05 8.50171e-05 9.52358e-05 9.69515e-05 8.85135e-05 8.93314e-05 9.66889e-05 0.000103796 0.000111022 0.000107873 0.000116883 0.000125567 0.000117125 6.5833e-05 1.64731e-05 -1.32718e-06 -1.62075e-05 -2.6984e-05 -1.96047e-05 -9.05282e-06 
