9.71806e-05 0.000111657 0.000123229 0.000135746 0.0001543 0.000171508 0.000174675 0.000144323 0.000156626 0.000194159 0.0002258 0.000244063 0.00024525 0.000220527 0.000178294 0.000132281 9.49815e-05 6.55838e-05 3.72648e-05 1.93772e-05 1.70836e-05 1.66837e-05 1.50498e-05 1.34899e-05 
0.000108277 0.000120359 0.000132471 0.000148292 0.000178397 0.000256366 0.000308918 0.000364574 0.000432565 0.000486695 0.000532456 0.00056342 0.000531133 0.000481355 0.000403095 0.000311396 0.000206349 0.000109038 6.62152e-05 6.22053e-05 5.67461e-05 4.91755e-05 4.58208e-05 4.37083e-05 
6.10386e-05 7.12272e-05 7.73447e-05 9.76518e-05 0.000135411 0.0002345 0.000353453 0.000446561 0.000548146 0.000667144 0.000791751 0.00087979 0.000880513 0.000832496 0.000726451 0.000577932 0.000418991 0.000275557 0.000171455 0.000112879 0.000122203 0.000125585 0.000116483 0.000107562 
3.76693e-05 4.78974e-05 6.18631e-05 8.82547e-05 0.00014308 0.000247601 0.00035928 0.000474719 0.000661103 0.000867131 0.00106793 0.00122784 0.00127814 0.00123532 0.00110358 0.000924082 0.000758498 0.000541605 0.000339189 0.000235444 0.000199828 0.000178194 0.00015373 0.000130039 
6.20294e-05 7.72193e-05 9.94047e-05 0.000142821 0.000216595 0.000320422 0.000453763 0.000619113 0.000819276 0.00102345 0.00123747 0.00140472 0.00150388 0.0015061 0.00143143 0.00125053 0.00105404 0.000831286 0.000589691 0.000421605 0.000324024 0.0002527 0.000198999 0.000149126 
6.58654e-05 8.78409e-05 0.00011221 0.00016922 0.000249437 0.000400297 0.000611038 0.000818011 0.00100043 0.0011677 0.00133401 0.00145097 0.00154028 0.00161862 0.00160091 0.00148851 0.0012924 0.00107766 0.000875859 0.000656815 0.000503197 0.000349296 0.000246497 0.00018143 
8.36457e-05 0.000109144 0.000142066 0.000216034 0.000347574 0.000544949 0.000777589 0.000989027 0.00114605 0.00126078 0.00135491 0.00147635 0.00155924 0.00161267 0.00165544 0.00165811 0.00151974 0.00141183 0.00121028 0.000994698 0.000760563 0.000546304 0.000382157 0.000249407 
5.48358e-05 7.36889e-05 0.000106004 0.00019876 0.000340364 0.00055494 0.000771483 0.000966862 0.00105975 0.00111971 0.00117038 0.00127302 0.00137675 0.00150921 0.00165623 0.00174082 0.00167526 0.00166461 0.00160047 0.00145361 0.00119913 0.000878113 0.00060099 0.000421068 
6.25262e-05 8.03101e-05 0.000104255 0.000204681 0.000375601 0.000562891 0.000733296 0.000904313 0.00104819 0.00116178 0.00121991 0.00130132 0.00143831 0.00156157 0.00169411 0.001782 0.00175675 0.00176203 0.00180241 0.0016836 0.0014876 0.00122416 0.000924045 0.00064718 
0.000126638 0.000159718 0.000198678 0.00029692 0.000462134 0.000608321 0.000724029 0.00088904 0.00114217 0.00137843 0.0015294 0.00163049 0.00173441 0.00182476 0.00189306 0.00189563 0.00184097 0.00187871 0.00192559 0.00186165 0.00170486 0.0014975 0.00120831 0.000892331 
0.00013552 0.000180948 0.000229552 0.000313043 0.000424228 0.000531821 0.000667306 0.000837374 0.00112579 0.00145117 0.00170052 0.00180537 0.00189169 0.0019375 0.00193424 0.00190925 0.00187516 0.00187677 0.00191788 0.00187273 0.0017508 0.0015715 0.00131701 0.000997862 
0.000103517 0.000134432 0.000176998 0.000278978 0.000416983 0.000559446 0.000697522 0.000858025 0.00111752 0.00146394 0.00168935 0.0017903 0.00184924 0.00185995 0.00185146 0.00182261 0.0017471 0.00177493 0.00181347 0.00179774 0.00172224 0.00155466 0.00130846 0.00101911 
0.000104355 0.000152822 0.000218156 0.000305049 0.000434974 0.000597507 0.000753665 0.000982385 0.00126298 0.0015556 0.00175474 0.00184818 0.00188132 0.00185954 0.00182161 0.00175341 0.00167633 0.00170834 0.00175924 0.00176381 0.0017183 0.0015894 0.00136378 0.00108305 
0.000124752 0.000192526 0.000255657 0.00032704 0.000493936 0.000730132 0.00100363 0.00130075 0.00156758 0.0017665 0.00187817 0.00188109 0.00183168 0.00178191 0.00172822 0.00168621 0.00168098 0.00171922 0.00176031 0.0017709 0.00172774 0.0015876 0.00136306 0.00111512 
0.000144521 0.000213138 0.000266467 0.000390915 0.000640844 0.000950833 0.00128992 0.00158169 0.00176986 0.00187466 0.00185548 0.00178974 0.00173878 0.00168997 0.00167055 0.00166778 0.00165885 0.00164801 0.00163582 0.00161178 0.00155299 0.00141499 0.00120795 0.000979852 
0.00011127 0.000176829 0.00030387 0.0005208 0.000875679 0.00126911 0.00158846 0.00179612 0.0018929 0.00190097 0.00182387 0.00175469 0.00165559 0.00157895 0.00150135 0.00143252 0.00138183 0.00135472 0.00133916 0.0013164 0.00125482 0.00111568 0.000934493 0.000751744 
6.91692e-05 0.000209411 0.000451126 0.000834289 0.00124304 0.00159918 0.00184047 0.0019753 0.00198459 0.00191392 0.00183354 0.00167123 0.00148866 0.00136885 0.00127549 0.00120426 0.00113713 0.0010902 0.00106527 0.00102212 0.000958545 0.000847046 0.000706572 0.000562382 
0.000176097 0.000435782 0.000821557 0.00121926 0.00158027 0.00186106 0.00205122 0.00209251 0.00203655 0.00195994 0.00178143 0.00155762 0.00138037 0.00121781 0.001099 0.000975794 0.0008619 0.000779377 0.000746298 0.000726037 0.000688133 0.000612326 0.000512529 0.000412122 
0.000320822 0.000734518 0.00114163 0.0014866 0.00177612 0.00200892 0.00215393 0.00214781 0.00202886 0.00185362 0.00159545 0.00131322 0.00111365 0.000978901 0.000860909 0.000741836 0.000619064 0.000523318 0.00047377 0.000442368 0.000408923 0.000360673 0.000302104 0.000242432 
0.000586728 0.00102019 0.00136154 0.00164488 0.00186984 0.00207035 0.0021479 0.00207765 0.00188838 0.00162409 0.00129243 0.00105253 0.000930981 0.000841557 0.00073648 0.000601682 0.000458813 0.000343952 0.00027656 0.000234032 0.000198585 0.000164411 0.000132967 0.000111128 
0.000814904 0.00116982 0.0014228 0.00162392 0.00185382 0.00200958 0.00207462 0.001972 0.00167699 0.00127096 0.00100073 0.00084174 0.00071358 0.000590382 0.000443538 0.000304506 0.00018563 8.38314e-05 1.55877e-05 -2.35386e-05 -2.79678e-05 -1.64744e-05 1.11716e-06 7.14949e-06 
0.000928914 0.00118594 0.00139828 0.001601 0.00175086 0.00185832 0.00186863 0.00163987 0.00123242 0.00094195 0.000770005 0.000636185 0.000548004 0.000411443 0.00028039 0.000167622 6.39269e-05 -1.41366e-05 -5.67191e-05 -8.91179e-05 -8.59938e-05 -7.71581e-05 -6.59767e-05 -5.69079e-05 
0.00096541 0.00120003 0.00141858 0.00157518 0.00168256 0.00168953 0.00148677 0.00111443 0.000797215 0.000656835 0.000535563 0.000473603 0.000434992 0.000359479 0.000241306 0.000131465 3.29931e-05 -6.1162e-05 -0.000143678 -0.000180309 -0.000190972 -0.000176963 -0.000149923 -0.000122968 
0.00098072 0.00125247 0.00145542 0.00157936 0.00157513 0.00142337 0.00101849 0.000625067 0.000454298 0.000372289 0.000327508 0.000308537 0.000302882 0.000256206 0.000147286 4.40588e-05 -5.94363e-05 -0.000146927 -0.000186002 -0.000197714 -0.00020184 -0.000192477 -0.000171246 -0.000139713 
0.000996214 0.0012324 0.00140594 0.00149319 0.00144442 0.00109014 0.000618778 0.000355169 0.0002559 0.000222943 0.000193295 0.000181405 0.000189194 0.000155811 7.28495e-05 -1.83025e-05 -0.000128046 -0.000172178 -0.000181944 -0.000179768 -0.000173684 -0.000154522 -0.000129842 -0.000101463 
0.00098613 0.00119167 0.00130499 0.00129769 0.00109126 0.00072201 0.000352737 0.00017731 0.000118594 0.000132846 0.000147113 0.000155314 0.000160656 0.000112386 1.38712e-05 -0.00010226 -0.000157854 -0.000155478 -0.000160963 -0.000174316 -0.000167733 -0.000154046 -0.000112105 -6.78814e-05 
0.000934393 0.00106891 0.0011137 0.00102671 0.000797378 0.000464956 0.000248856 0.000157445 0.000133862 0.000149419 0.000158663 0.000156148 0.000141456 8.96481e-05 -1.96299e-06 -8.03995e-05 -0.000119343 -0.000152378 -0.000163536 -0.000167754 -0.000121548 -4.9392e-05 -6.45185e-06 1.92237e-05 
0.000791029 0.000877843 0.000890436 0.000786471 0.000570131 0.000344211 0.000265992 0.00019751 0.00017687 0.000181606 0.000187081 0.000166503 0.000126074 6.20478e-05 -2.13029e-05 -7.26696e-05 -0.000107925 -0.000150397 -0.000145763 -0.000108802 -1.83926e-05 0.000110723 0.000169078 0.000196092 
0.000636038 0.000675101 0.000692523 0.000595875 0.000385944 0.000280073 0.000241602 0.000218128 0.000195659 0.000180816 0.000170427 0.000150543 0.000108662 2.97981e-05 -3.69672e-05 -8.0677e-05 -0.000115295 -0.000120244 -7.97366e-05 -2.09696e-05 0.000174902 0.000322904 0.000352784 0.000406436 
0.000392808 0.000443659 0.000453391 0.000342435 0.00024185 0.000204863 0.000194631 0.000193932 0.000185829 0.000161998 0.000135539 0.000113693 8.34457e-05 2.21728e-05 -2.70653e-05 -5.88889e-05 -7.99304e-05 -4.3938e-05 3.13957e-05 0.000190088 0.00042455 0.000496977 0.000496416 0.000529409 
0.000187866 0.000197911 0.000197036 0.000159201 0.000140389 0.000133986 0.000147929 0.000152559 0.000139759 0.000114678 9.11743e-05 7.53811e-05 5.69619e-05 1.99553e-05 -5.58022e-06 -1.12931e-05 -7.04619e-06 6.24388e-05 0.000154012 0.000350089 0.000500436 0.000531499 0.000495511 0.000441179 
1.82446e-05 3.027e-05 5.70694e-05 7.12341e-05 8.4611e-05 9.23042e-05 0.000114883 0.000120238 9.62282e-05 6.46239e-05 4.15081e-05 3.14844e-05 2.82137e-05 8.60571e-06 8.01529e-07 1.40773e-05 5.23196e-05 0.000132166 0.000227387 0.00035148 0.000460007 0.000489519 0.000470888 0.000393831 
-4.63126e-05 -4.32964e-05 -9.70681e-06 2.12987e-05 4.63664e-05 7.36574e-05 9.49966e-05 9.68915e-05 6.94687e-05 3.22457e-05 8.68634e-06 2.74346e-06 4.4456e-06 7.11968e-06 1.28672e-05 3.52544e-05 0.000107651 0.000152406 0.000226141 0.00035219 0.000421364 0.000415141 0.000369444 0.000290866 
-8.23442e-05 -7.10674e-05 -4.22091e-05 -5.42328e-06 4.71246e-05 8.95411e-05 0.000109966 0.000112915 9.64073e-05 6.62e-05 3.89104e-05 1.82042e-05 1.34583e-05 2.20211e-05 4.19548e-05 9.4236e-05 0.000146639 0.000183134 0.000302934 0.000378564 0.00037885 0.000337067 0.000257208 0.000201864 
-2.69794e-05 -1.60817e-05 1.54843e-05 6.29975e-05 0.000108064 0.000149213 0.000161914 0.000166088 0.000161248 0.000140245 0.000113948 7.32348e-05 5.45444e-05 7.5933e-05 0.000115643 0.00015895 0.000194966 0.000279061 0.000418172 0.000466143 0.000446852 0.000407101 0.000329769 0.00026389 
9.88761e-05 0.000123848 0.000160573 0.000192925 0.000191113 0.00018756 0.00019438 0.00020225 0.000202558 0.000190629 0.000169473 0.000133993 0.000119545 0.000135496 0.00017751 0.000228026 0.000284786 0.000418727 0.000538353 0.000553613 0.000515668 0.000445274 0.000364875 0.000285588 
0.000195493 0.000227891 0.00026698 0.000309848 0.000322542 0.000331288 0.000343182 0.000345562 0.000334822 0.000319361 0.000269637 0.000224485 0.000220711 0.000239935 0.000281939 0.000343699 0.000452505 0.000583886 0.000641367 0.000626794 0.000545979 0.000465859 0.000389896 0.000310318 
0.000309275 0.000349239 0.00038865 0.00042445 0.00043521 0.000448042 0.000451935 0.000446572 0.000439923 0.000421142 0.000381415 0.000340628 0.000322536 0.000327294 0.000361501 0.00043112 0.000513286 0.00059568 0.000663758 0.000655633 0.000575487 0.00048629 0.000399805 0.000297972 
0.00033676 0.000393082 0.000452492 0.000481958 0.000471458 0.000452046 0.00045243 0.000451212 0.000458449 0.000474405 0.000460253 0.00042382 0.000405465 0.000402412 0.000443542 0.000484422 0.000552975 0.000611227 0.00064522 0.000629812 0.000549142 0.000437211 0.00032386 0.000224948 
0.000333857 0.000353534 0.000391678 0.000419261 0.000401333 0.000391785 0.000402377 0.000401785 0.000410547 0.000405661 0.000367758 0.000319282 0.000280901 0.000267842 0.000331612 0.000415672 0.000495428 0.000542459 0.000567169 0.000542863 0.000472142 0.000373641 0.000276664 0.00018446 
