-0.000158895 -0.000184328 -0.000196741 -0.000205214 -0.000212149 -0.000233965 -0.000230105 -0.000226349 -0.000252345 -0.000279071 -0.000301159 -0.000292912 -0.000259798 -0.00023202 -0.000203667 -0.000168802 -0.000131218 -9.07222e-05 -5.87353e-05 -5.58687e-05 -4.627e-05 -3.92552e-05 -3.21834e-05 -2.68162e-05 
-0.000166673 -0.000190385 -0.000216042 -0.000236284 -0.000269172 -0.000300719 -0.000338634 -0.000345537 -0.000358478 -0.000402476 -0.000429435 -0.000430133 -0.000398587 -0.000349307 -0.000295261 -0.000253534 -0.000207216 -0.000163955 -0.000129426 -0.000100366 -7.98767e-05 -7.71228e-05 -7.26973e-05 -6.99044e-05 
-0.00015939 -0.00018433 -0.000226181 -0.000282308 -0.000330247 -0.000372391 -0.00042087 -0.000477198 -0.00054511 -0.000640468 -0.000719533 -0.000732993 -0.000705484 -0.000666349 -0.000589898 -0.000489639 -0.000377135 -0.000283928 -0.000206918 -0.000189178 -0.000173815 -0.000150545 -0.000139125 -0.000128366 
-0.000159106 -0.000186064 -0.00023323 -0.00029502 -0.000379598 -0.000465662 -0.000567146 -0.000678046 -0.000810686 -0.000960884 -0.00106783 -0.00108598 -0.00105049 -0.000985383 -0.000875759 -0.000749838 -0.000618655 -0.000469203 -0.000339449 -0.000275261 -0.000239953 -0.000207155 -0.000184352 -0.000161903 
-0.000144246 -0.000169447 -0.000210519 -0.000274463 -0.000374753 -0.000494437 -0.000593289 -0.000740101 -0.000926948 -0.00110268 -0.00120039 -0.00122184 -0.00121006 -0.00119485 -0.00114314 -0.00102292 -0.000846557 -0.000685009 -0.000558377 -0.000490707 -0.000462954 -0.000391131 -0.000321648 -0.000276872 
-0.000131082 -0.000156748 -0.00019896 -0.000286033 -0.000409465 -0.000547578 -0.000671764 -0.000794586 -0.000917693 -0.0010354 -0.0011475 -0.00119368 -0.00123317 -0.00128094 -0.00125215 -0.0011887 -0.00105197 -0.000896516 -0.000786875 -0.00072774 -0.000705604 -0.00063136 -0.000519343 -0.000448471 
-0.000145977 -0.000176331 -0.000232877 -0.000334302 -0.000466089 -0.000595723 -0.000715909 -0.000845088 -0.00101127 -0.00116127 -0.00127114 -0.00131582 -0.00132858 -0.00134356 -0.00136479 -0.00137278 -0.00127748 -0.00112636 -0.00103546 -0.000976014 -0.000929635 -0.000854876 -0.000706736 -0.00058671 
-0.000129832 -0.000161141 -0.000198733 -0.000268597 -0.000389404 -0.000534941 -0.000655131 -0.000785472 -0.000952121 -0.00113476 -0.0013022 -0.00139054 -0.0014338 -0.00146216 -0.00147276 -0.00149051 -0.00146336 -0.00135607 -0.00129996 -0.00122916 -0.00114084 -0.00104566 -0.000887382 -0.000725312 
-0.000117777 -0.000145378 -0.000176241 -0.000220693 -0.000311859 -0.000442814 -0.000577093 -0.00070295 -0.000914285 -0.00113085 -0.00129017 -0.00139244 -0.0014185 -0.00144683 -0.00147607 -0.00156933 -0.00155061 -0.00145468 -0.0014414 -0.00137825 -0.00129676 -0.0011862 -0.00100963 -0.00081424 
-0.000119796 -0.000145165 -0.00016685 -0.000212487 -0.000285214 -0.000403378 -0.000525007 -0.000670672 -0.000888626 -0.00114352 -0.00130476 -0.0013517 -0.00136948 -0.0014049 -0.00148905 -0.00155631 -0.0014374 -0.00135833 -0.00137471 -0.0013971 -0.00139277 -0.00131273 -0.00114258 -0.000949683 
-0.000112907 -0.000145174 -0.000168477 -0.000200859 -0.000260167 -0.000350849 -0.000444705 -0.000580785 -0.000793656 -0.00105235 -0.00126314 -0.00132706 -0.00137212 -0.00142215 -0.00145757 -0.00140109 -0.00133943 -0.00128732 -0.00128321 -0.0013402 -0.00138888 -0.00134577 -0.00119223 -0.000971452 
-9.11979e-05 -0.000118371 -0.000148924 -0.000201843 -0.000284471 -0.000370106 -0.00045753 -0.00057357 -0.000758554 -0.000998019 -0.00120115 -0.00131178 -0.00135637 -0.00136701 -0.00132847 -0.00124022 -0.00115899 -0.00114898 -0.00116402 -0.00121524 -0.00127456 -0.0012435 -0.00111006 -0.000938045 
-9.54518e-05 -0.000132925 -0.000190687 -0.000246945 -0.000337673 -0.00047228 -0.000595475 -0.000718956 -0.000902579 -0.00108236 -0.00120491 -0.00125469 -0.00126811 -0.00124042 -0.00116487 -0.00107305 -0.00100928 -0.000993606 -0.00101784 -0.00107158 -0.00112818 -0.00111323 -0.00101362 -0.000868265 
-9.75408e-05 -0.000131669 -0.000173084 -0.000241424 -0.000368775 -0.000535505 -0.000732713 -0.000899742 -0.0010341 -0.00115544 -0.00115811 -0.00114417 -0.00110047 -0.00104692 -0.00100964 -0.00092997 -0.00088435 -0.000888589 -0.000956006 -0.00102969 -0.00106319 -0.00102094 -0.000911246 -0.000780876 
-8.29455e-05 -0.000117848 -0.000198033 -0.00031564 -0.000478175 -0.000725579 -0.00096633 -0.00112986 -0.00120679 -0.00121826 -0.00116287 -0.00111191 -0.00103434 -0.000977828 -0.000939304 -0.000908763 -0.000893414 -0.000912054 -0.000958615 -0.00100278 -0.0010112 -0.000950037 -0.000836654 -0.000702521 
-7.47253e-05 -0.000152188 -0.000276381 -0.000473278 -0.000731954 -0.00100497 -0.00116897 -0.00129713 -0.00133924 -0.00130074 -0.00123572 -0.00111614 -0.00102721 -0.000963349 -0.000954535 -0.000961232 -0.000954146 -0.000959191 -0.000989285 -0.000981142 -0.000947745 -0.000851312 -0.000715849 -0.000578692 
-0.000119744 -0.000248026 -0.000472707 -0.000761267 -0.00101628 -0.00119347 -0.00136153 -0.00141529 -0.00137929 -0.00132573 -0.00120462 -0.00112476 -0.00109507 -0.00109956 -0.00111573 -0.00110225 -0.00106909 -0.00102626 -0.000978924 -0.000930299 -0.000870595 -0.000774853 -0.000638053 -0.000502571 
-0.000222844 -0.000446899 -0.000747573 -0.000985397 -0.00119857 -0.00136585 -0.0014257 -0.00140342 -0.00135692 -0.00127616 -0.00121186 -0.00121575 -0.00122119 -0.0012034 -0.00115496 -0.00110954 -0.00105043 -0.000981987 -0.000913309 -0.000850941 -0.000787212 -0.000697894 -0.000579554 -0.000458668 
-0.000350402 -0.000643931 -0.00090644 -0.00113313 -0.00128203 -0.00136916 -0.00138198 -0.00133119 -0.00128665 -0.00122064 -0.00125884 -0.00126359 -0.00123233 -0.00120527 -0.00117363 -0.00111742 -0.00105412 -0.000964152 -0.000874942 -0.000792748 -0.000706554 -0.000604729 -0.000486398 -0.000381606 
-0.000497912 -0.000789948 -0.00102118 -0.00115488 -0.00122851 -0.00126033 -0.00124414 -0.00120871 -0.00116675 -0.00122312 -0.00123352 -0.00118728 -0.00112876 -0.00107302 -0.0010357 -0.00101445 -0.000961961 -0.000901011 -0.000833378 -0.000749315 -0.000647386 -0.000532036 -0.000417554 -0.000323447 
-0.000659627 -0.00088877 -0.00101448 -0.00110473 -0.00116412 -0.00118382 -0.00114601 -0.00108455 -0.0011424 -0.00115711 -0.00107814 -0.00102897 -0.00102947 -0.000971971 -0.000901861 -0.000866967 -0.000838796 -0.000779235 -0.00071288 -0.000630316 -0.000554137 -0.000474259 -0.000383941 -0.000299573 
-0.000772731 -0.000900126 -0.00100449 -0.00105798 -0.0010992 -0.00108568 -0.00100498 -0.00105246 -0.00107954 -0.00106994 -0.0010539 -0.00109947 -0.00107897 -0.00102087 -0.000945881 -0.000874447 -0.00081537 -0.000738246 -0.000642119 -0.000548783 -0.000487282 -0.000424479 -0.000355443 -0.000276769 
-0.000777235 -0.000877515 -0.000951723 -0.000998573 -0.0010074 -0.00092725 -0.000958935 -0.00102426 -0.00109173 -0.00108771 -0.00108561 -0.00110111 -0.00109054 -0.00100397 -0.000902241 -0.000811587 -0.000734419 -0.000601432 -0.000498781 -0.000452282 -0.00041789 -0.000366948 -0.000300862 -0.00022927 
-0.000729523 -0.000832499 -0.000926745 -0.000949033 -0.00089662 -0.000901101 -0.000979552 -0.00103127 -0.00102993 -0.00103785 -0.00102878 -0.00101539 -0.00099708 -0.000933101 -0.00083701 -0.000704088 -0.000560916 -0.000434495 -0.000374174 -0.000327158 -0.000301535 -0.000272511 -0.000232375 -0.000182024 
-0.000697458 -0.000809941 -0.000903047 -0.000892451 -0.00090524 -0.000916256 -0.000937776 -0.000942807 -0.000970463 -0.00100048 -0.000979977 -0.000957391 -0.000927853 -0.000867446 -0.000757819 -0.000608011 -0.000459999 -0.000352925 -0.000302682 -0.000274989 -0.000254141 -0.000232289 -0.000191999 -0.000153967 
-0.00064802 -0.000759603 -0.000850882 -0.000918813 -0.000926124 -0.000913998 -0.000917415 -0.000954979 -0.000954279 -0.00094388 -0.000940323 -0.000925036 -0.000886166 -0.000801575 -0.000668623 -0.000505105 -0.000357145 -0.000282893 -0.000242518 -0.000251341 -0.000277933 -0.000274118 -0.000273636 -0.000291107 
-0.000545932 -0.000660107 -0.000792988 -0.000884489 -0.000928341 -0.000877246 -0.000938647 -0.000960526 -0.000943345 -0.000925717 -0.000893473 -0.000859254 -0.00081022 -0.000716679 -0.000561495 -0.000398968 -0.000277934 -0.000220456 -0.000203979 -0.000248947 -0.00029678 -0.000361845 -0.000397046 -0.000394855 
-0.000484918 -0.000599356 -0.000731542 -0.000849083 -0.000823477 -0.00089614 -0.000951807 -0.000927281 -0.000900236 -0.000872257 -0.000845814 -0.000808981 -0.000753483 -0.000652932 -0.00050104 -0.000350553 -0.000247374 -0.000203201 -0.00021696 -0.000271865 -0.000392277 -0.000474089 -0.000461307 -0.000417582 
-0.000431142 -0.000556658 -0.000681517 -0.000747157 -0.000823077 -0.000908772 -0.000929398 -0.000902984 -0.00087511 -0.000846932 -0.000817843 -0.000772483 -0.000695041 -0.000592989 -0.000464673 -0.000325925 -0.000235381 -0.000218771 -0.000257116 -0.000349459 -0.000474502 -0.000562967 -0.000565548 -0.000543056 
-0.000397573 -0.000523237 -0.000616308 -0.000710377 -0.000791449 -0.00086136 -0.000871542 -0.000863789 -0.000841415 -0.000809322 -0.00077399 -0.000724717 -0.000650421 -0.000564713 -0.00045998 -0.000344278 -0.000277824 -0.000288206 -0.000319568 -0.000405151 -0.00053724 -0.000626382 -0.000589834 -0.000505797 
-0.000371241 -0.000475474 -0.000593323 -0.0006869 -0.000774402 -0.00080352 -0.000811072 -0.000806769 -0.000787417 -0.000758598 -0.000726157 -0.000677946 -0.00061261 -0.000539593 -0.000455757 -0.00037301 -0.000347209 -0.000369234 -0.000405842 -0.000485352 -0.000569485 -0.000548197 -0.000480276 -0.000389223 
-0.000354298 -0.000464768 -0.000577926 -0.000682699 -0.000728654 -0.000742978 -0.000752539 -0.000751396 -0.000730092 -0.000699882 -0.000668209 -0.000630223 -0.000571053 -0.000505883 -0.000442657 -0.000394218 -0.000404206 -0.000445636 -0.000489481 -0.000551299 -0.00058482 -0.000551544 -0.000465679 -0.000374198 
-0.000338352 -0.000450409 -0.000567839 -0.000647433 -0.000684638 -0.0007026 -0.000717539 -0.00072024 -0.000702133 -0.000673315 -0.000623255 -0.00058067 -0.000537535 -0.000491126 -0.000449341 -0.000432802 -0.000475138 -0.000530654 -0.000588492 -0.000590825 -0.000518771 -0.000445159 -0.000333275 -0.000233039 
-0.000323168 -0.000421012 -0.000526537 -0.000615204 -0.000678593 -0.000721207 -0.000749707 -0.000759382 -0.000741256 -0.000709491 -0.000656712 -0.000602813 -0.000563965 -0.000528348 -0.000502148 -0.000509721 -0.000572527 -0.000632007 -0.000675529 -0.000586971 -0.00047698 -0.000349559 -0.000222744 -0.000138907 
-0.000382615 -0.000484543 -0.000597283 -0.000696491 -0.000753715 -0.00077879 -0.00078964 -0.000795722 -0.000790786 -0.000755737 -0.00069162 -0.000634245 -0.000608077 -0.000590906 -0.000586785 -0.000608061 -0.000681376 -0.000728723 -0.000683985 -0.00063792 -0.000537441 -0.000426811 -0.000302752 -0.000200961 
-0.000408718 -0.000517973 -0.000645385 -0.000756479 -0.000819318 -0.000837168 -0.000855325 -0.000852929 -0.000832761 -0.000776179 -0.000699737 -0.000653243 -0.000626457 -0.000609259 -0.000621368 -0.000665129 -0.000733854 -0.000723407 -0.000698944 -0.000658552 -0.000563053 -0.000452612 -0.00033545 -0.000243806 
-0.000376115 -0.000464507 -0.000561472 -0.000638109 -0.00066785 -0.000681596 -0.000706952 -0.000704255 -0.000692369 -0.000672039 -0.00063283 -0.000633976 -0.000630872 -0.000607856 -0.000601138 -0.000623637 -0.000653089 -0.000601665 -0.000599186 -0.000553734 -0.00047069 -0.000383699 -0.000301195 -0.000230622 
-0.000221213 -0.000291853 -0.000358501 -0.00041431 -0.000471408 -0.000503664 -0.000508619 -0.000506455 -0.000499088 -0.000477899 -0.000457432 -0.000450174 -0.000451174 -0.000436298 -0.000432436 -0.000454935 -0.000436223 -0.000454651 -0.000473913 -0.000461555 -0.000413102 -0.000350905 -0.000283389 -0.000210004 
-6.77173e-05 -9.53181e-05 -0.000135868 -0.000179267 -0.000228533 -0.000266475 -0.000296721 -0.000302586 -0.000295526 -0.000283814 -0.000253085 -0.000241148 -0.00025918 -0.000246811 -0.000265848 -0.000331841 -0.000379445 -0.000444547 -0.00044544 -0.000408613 -0.000344291 -0.000271224 -0.000195674 -0.000125655 
-0.000157296 -0.000180276 -0.000200144 -0.000224689 -0.000259486 -0.000311165 -0.00034374 -0.000345311 -0.000342968 -0.000311818 -0.000277394 -0.000284699 -0.00029354 -0.000275018 -0.000285616 -0.000296485 -0.000331615 -0.000356485 -0.000332019 -0.000285669 -0.000224137 -0.00017136 -0.000121743 -8.10389e-05 
