-2.02921e-05 -1.97863e-05 -1.12605e-05 9.91036e-06 3.39043e-05 -9.89861e-06 -7.34124e-05 -8.04492e-05 -2.76601e-05 2.03605e-06 2.25824e-05 5.18371e-05 7.64979e-05 7.23395e-05 6.38048e-05 5.33857e-05 3.5375e-05 1.74064e-05 1.24259e-06 -6.42754e-06 -1.67634e-05 -1.91939e-05 -1.74008e-05 -1.44974e-05 
1.71903e-05 1.9564e-05 3.38369e-05 5.64215e-05 8.44882e-05 6.93167e-05 6.5308e-05 6.81157e-05 8.85115e-05 8.54423e-05 3.57408e-05 6.25969e-06 -2.00382e-05 -2.44517e-05 -3.35794e-05 -4.68496e-05 -5.16011e-05 -2.09302e-05 -9.63056e-06 -2.75394e-05 -2.3134e-05 -1.93273e-05 -1.67831e-05 -1.38325e-05 
1.51804e-06 7.59492e-06 1.35712e-05 4.29561e-05 8.59209e-05 0.000145 0.000169337 0.000164444 0.000140161 0.000104143 8.87268e-05 9.46156e-05 7.84907e-05 6.22588e-05 4.51226e-05 3.54445e-05 2.7314e-05 1.57552e-05 -1.70242e-05 -4.27019e-05 -6.18908e-05 -7.01817e-05 -6.86658e-05 -6.29711e-05 
-2.28864e-05 -1.87956e-05 -1.09498e-05 1.56463e-05 6.02996e-05 9.54585e-05 8.21274e-05 1.93318e-05 -1.81296e-05 -4.71383e-05 -6.20248e-05 -1.93134e-05 1.12821e-05 1.32742e-05 -3.55609e-06 2.19196e-05 7.80725e-05 8.06985e-05 3.29011e-05 -7.96799e-05 -0.000136506 -0.000129268 -9.13261e-05 -8.24508e-05 
-6.05588e-06 -6.80951e-06 -1.20668e-05 6.61384e-06 2.77908e-05 2.84196e-05 8.2565e-06 -3.68434e-05 -7.6853e-05 -8.14771e-05 -0.000103339 -7.32614e-05 -2.05512e-05 9.72531e-06 1.91209e-05 4.19255e-05 8.64995e-05 0.000140027 9.34601e-05 2.51705e-05 -2.96843e-05 -4.09361e-05 -2.89261e-05 -3.33352e-05 
2.82759e-06 1.09051e-05 1.81257e-05 3.18873e-05 4.79495e-05 0.000114066 0.00016865 0.000202732 0.000177036 0.000154548 9.55599e-05 3.5793e-05 5.94248e-06 -9.07922e-06 -1.83187e-05 3.39246e-05 5.63048e-05 0.000130635 0.000135295 6.49888e-05 1.76553e-06 -5.12635e-05 -5.55116e-05 -2.35499e-05 
8.4706e-06 1.8274e-05 3.07973e-05 4.89797e-05 8.60889e-05 0.000150671 0.000227011 0.000342506 0.000313379 0.000276801 0.000221129 0.000165518 8.91129e-05 1.07099e-05 -5.98948e-05 -2.67872e-05 4.22235e-05 0.000111522 0.000144492 0.000113218 2.56876e-05 -5.37971e-05 -9.70603e-05 -0.000110446 
-2.50387e-06 2.03228e-06 1.4652e-05 6.86992e-05 0.000105359 0.00015321 0.000252279 0.000359509 0.000268067 0.000121159 4.82711e-05 5.94129e-05 3.2764e-05 -6.02882e-05 -0.000184965 -7.50304e-05 2.22418e-05 0.00010763 0.000131257 0.000128683 0.000133326 8.52826e-05 3.98789e-05 -5.13992e-06 
-7.67719e-06 -7.62801e-06 2.41482e-06 5.66699e-05 0.000125711 0.000195769 0.000324881 0.000408231 0.000344029 0.00014303 3.37924e-05 6.41253e-06 1.23834e-05 -0.000119837 -0.000198163 -3.92326e-05 0.00010183 0.00016182 0.000195867 0.000150709 0.000119743 0.000107691 9.65619e-05 8.69223e-05 
3.13946e-05 4.49552e-05 6.56255e-05 0.000118163 0.000223663 0.000353147 0.000457704 0.000558843 0.000588348 0.000455523 0.00028095 0.000149496 1.72044e-05 -8.46323e-05 -8.51888e-05 6.12759e-05 0.000199003 0.000310152 0.000390639 0.000363551 0.000265379 0.000200147 0.000142927 9.55399e-05 
5.94847e-05 8.88031e-05 0.000126348 0.000209002 0.00028209 0.000346049 0.000419348 0.000507977 0.00055926 0.000501531 0.000401958 0.000242199 0.000155898 0.000112671 9.2514e-05 0.000174897 0.000264297 0.000320654 0.000371969 0.000347321 0.000246227 0.000151984 8.92841e-05 1.40557e-05 
3.57158e-05 6.48607e-05 9.5228e-05 0.000141398 0.00018305 0.000212744 0.000290634 0.000354464 0.000380645 0.00038328 0.000385176 0.000354727 0.000342306 0.00026978 0.00021114 0.000245032 0.000282424 0.00034567 0.000359388 0.000337543 0.000300531 0.000233109 0.000127081 2.38351e-05 
-1.79813e-07 3.59835e-05 5.0485e-05 8.31391e-05 8.90653e-05 0.0001139 0.000167392 0.000272397 0.000310374 0.000389315 0.000503354 0.000565523 0.000545753 0.000446321 0.000355864 0.000338678 0.000365326 0.000409195 0.000424079 0.000381569 0.000339858 0.000291806 0.000232413 0.000148393 
3.20581e-05 5.49918e-05 2.36771e-05 1.06723e-05 4.02803e-05 7.95637e-05 0.000136954 0.000235265 0.000350235 0.000509048 0.000672832 0.000700601 0.000613803 0.000514821 0.00048126 0.000500113 0.000536531 0.000570522 0.000560847 0.000509369 0.00044036 0.000369885 0.000290386 0.000216238 
3.57209e-05 -2.7059e-06 -3.86147e-05 -2.62393e-05 3.12026e-05 7.36119e-05 0.000129707 0.00021927 0.000361056 0.000572594 0.000692936 0.000645031 0.000569423 0.000520993 0.000511436 0.000551601 0.000613726 0.00067953 0.000692181 0.000665708 0.000628873 0.000557056 0.000457847 0.000346668 
-4.37481e-05 -6.41166e-05 -5.71359e-05 -1.65145e-05 3.67173e-05 8.43234e-05 0.000128029 0.000216501 0.000421656 0.000611942 0.000642398 0.000555221 0.000459645 0.000417825 0.000403619 0.000418209 0.000444486 0.000465098 0.000466726 0.000436657 0.000385786 0.000312293 0.000231167 0.000161658 
-5.5386e-05 -6.65162e-05 -3.49412e-05 5.96579e-07 4.29411e-05 8.71551e-05 0.000173181 0.000432638 0.000610652 0.000649762 0.000594604 0.000459883 0.000326575 0.000246714 0.000220707 0.000204284 0.000169854 0.000148205 0.000127606 7.89869e-05 3.29668e-05 -8.24132e-06 -1.77864e-05 -1.25359e-05 
-2.22827e-05 -1.09257e-05 6.84689e-06 3.31432e-05 4.8352e-05 0.000159695 0.000467426 0.000667574 0.000704731 0.0006548 0.000550494 0.000356976 0.000212431 9.13859e-05 1.95071e-05 -4.19968e-05 -0.000108861 -0.000156757 -0.000140316 -0.00011262 -8.73847e-05 -7.64604e-05 -5.94768e-05 -3.90296e-05 
-1.01463e-05 5.92975e-06 2.9714e-05 3.29447e-05 0.000184426 0.000485348 0.000741195 0.000860495 0.000786901 0.000674261 0.000457359 0.000226041 7.6545e-05 -1.63898e-05 -6.62562e-05 -7.94346e-05 -8.64862e-05 -9.74517e-05 -8.73357e-05 -5.73309e-05 -1.99899e-05 8.68789e-06 1.86969e-05 2.14336e-05 
-8.17268e-06 1.16977e-05 -9.56494e-07 0.000175817 0.000439856 0.00072421 0.000912545 0.000909541 0.000828274 0.00057269 0.000243979 4.14933e-05 2.22845e-05 6.68281e-06 1.36501e-06 -1.60705e-06 1.28553e-06 -5.39751e-06 7.34118e-06 3.92368e-05 6.65574e-05 7.57237e-05 6.50029e-05 5.10192e-05 
-2.07493e-05 -2.01627e-05 0.000179096 0.000383213 0.000623425 0.000824517 0.000889922 0.000879587 0.000644899 0.000264896 -3.21548e-06 -3.07256e-05 -3.93988e-05 -6.79857e-05 -8.27207e-05 -8.58427e-05 -9.7202e-05 -9.76206e-05 -8.689e-05 -6.45724e-05 -3.8992e-05 -2.17588e-05 -7.54197e-06 2.18235e-06 
-1.84511e-05 0.000183249 0.000382552 0.000559023 0.000673182 0.000729938 0.000725421 0.000535241 0.000180354 -3.43733e-05 -4.71168e-05 -3.76105e-05 -6.49717e-05 -0.000106561 -0.000127869 -0.000127606 -0.000128186 -0.000128634 -0.000108027 -9.45086e-05 -6.72441e-05 -3.88792e-05 -1.98036e-05 -8.83085e-06 
0.000142785 0.000340567 0.000515451 0.000640302 0.000672946 0.000604022 0.000422899 9.68636e-05 -0.000123032 -0.00012693 -6.02521e-05 -5.29853e-05 -8.2092e-05 -0.000130129 -0.000144583 -0.00015243 -0.000170155 -0.000190567 -0.00017817 -0.000161557 -0.000131066 -0.000105226 -8.00705e-05 -5.54864e-05 
0.000262739 0.000431738 0.000563975 0.000634051 0.000637495 0.000469463 0.000102682 -0.000170227 -0.00016032 -0.000116872 -0.000131401 -0.000153409 -0.000152155 -0.000147669 -0.000158578 -0.000179055 -0.00018375 -0.000178021 -0.000158147 -0.000131096 -0.000115271 -9.49547e-05 -7.13897e-05 -5.19715e-05 
0.000316923 0.000415682 0.00051508 0.000595994 0.000544432 0.00023185 -0.000113395 -0.000121443 -9.11596e-05 -0.000112583 -0.000149673 -0.000175255 -0.000172037 -0.000167483 -0.000177489 -0.000198075 -0.000202308 -0.000165612 -0.000131557 -0.000103737 -8.31947e-05 -6.55359e-05 -4.57655e-05 -3.57463e-05 
0.000312607 0.000396001 0.000433553 0.000391738 0.000207363 -6.87162e-05 -0.000128268 -8.76303e-05 -9.47985e-05 -0.000117565 -0.000144567 -0.000164828 -0.000162028 -0.000169986 -0.000199501 -0.000215727 -0.000176339 -0.000126208 -9.39116e-05 -7.31631e-05 -5.69375e-05 -5.36648e-05 -4.6376e-05 -1.25735e-05 
0.000269603 0.000280654 0.00023929 0.000108236 -9.19898e-05 -0.000143447 -9.25909e-05 -7.22636e-05 -9.34217e-05 -0.000107399 -0.000129522 -0.000145645 -0.000139265 -0.000153063 -0.000182223 -0.000168571 -0.000135227 -0.000117443 -8.52224e-05 -7.96165e-05 -7.56251e-05 -3.86035e-05 -9.04053e-06 3.66158e-06 
0.000216608 0.00019039 8.81507e-05 -5.52159e-05 -0.000118075 -6.21731e-05 -1.73741e-05 -4.84956e-05 -7.35437e-05 -8.10305e-05 -8.2317e-05 -9.56646e-05 -0.000107902 -0.000137787 -0.000156638 -0.000145416 -0.000113482 -0.00010607 -8.56783e-05 -7.22664e-05 5.34346e-07 6.98441e-05 8.99747e-05 7.25209e-05 
0.000144713 5.93957e-05 1.18832e-05 -5.06673e-05 -5.2566e-05 -1.2507e-05 6.9416e-06 -2.59631e-05 -4.06104e-05 -5.1485e-05 -6.09797e-05 -8.01984e-05 -0.000106012 -0.000143634 -0.000151648 -0.000141494 -0.000112467 -0.000111127 -7.80063e-05 2.07507e-05 0.00014793 0.000193517 0.000158476 0.000119067 
-1.77141e-06 -1.63158e-05 -3.58901e-05 -5.9455e-05 -5.05892e-05 -1.80968e-05 -2.69461e-05 -3.06074e-05 -3.27334e-05 -4.21183e-05 -5.73846e-05 -7.77729e-05 -0.000113748 -0.000147408 -0.000156476 -0.000148843 -0.000112736 -7.63988e-05 9.73594e-06 0.000154027 0.000259812 0.000247356 0.00020757 0.000155037 
-7.2154e-05 -8.93686e-05 -9.3779e-05 -8.68125e-05 -6.86844e-05 -6.47182e-05 -6.12935e-05 -6.15662e-05 -6.33233e-05 -6.72436e-05 -7.32639e-05 -8.79548e-05 -0.00012603 -0.000152033 -0.000154883 -0.000139707 -9.19758e-05 -1.71444e-05 0.000104518 0.000227386 0.000274802 0.000269142 0.000239563 0.000187884 
-0.000123388 -0.000125234 -0.000119942 -0.000107031 -9.34762e-05 -0.000102359 -9.85442e-05 -9.78858e-05 -0.000104289 -0.000114347 -0.000124511 -0.00013741 -0.000154975 -0.000160132 -0.000149389 -0.000128686 -5.74383e-05 3.75636e-05 0.00014222 0.000192256 0.000238966 0.000267816 0.000272344 0.000234929 
-0.000124625 -0.00012896 -0.000123104 -0.000118369 -0.000115017 -0.000112168 -0.000109445 -0.000109054 -0.000117003 -0.000135384 -0.000153743 -0.000167199 -0.000167275 -0.000154573 -0.00013767 -0.000109157 -2.68862e-05 4.0637e-05 7.61982e-05 0.000128759 0.000161376 0.000155132 0.000137378 0.00012986 
-0.000112869 -0.000131775 -0.000143221 -0.00014896 -0.00013818 -0.000127036 -0.000126861 -0.000128925 -0.000132837 -0.000144939 -0.000155446 -0.000155245 -0.000145448 -0.000131379 -0.000121786 -9.46012e-05 -5.12357e-05 -5.46965e-05 2.57753e-05 5.01752e-05 6.75907e-05 4.91528e-05 1.85338e-05 2.91651e-05 
-0.000105503 -0.00012856 -0.000142757 -0.000147893 -0.000150193 -0.000150874 -0.000159284 -0.000159666 -0.000158632 -0.000151155 -0.000134789 -0.000139478 -0.000139865 -0.000117811 -9.58951e-05 -9.61697e-05 -0.000116494 -9.05114e-05 -1.6034e-05 -1.08798e-05 2.05631e-05 4.31009e-05 5.62436e-05 6.21399e-05 
-9.67932e-05 -0.000104537 -0.00012318 -0.000149093 -0.00017911 -0.000185763 -0.000191044 -0.000184369 -0.000173207 -0.000144102 -0.000112895 -0.000125443 -0.000137426 -0.000126554 -0.00012083 -0.000129552 -0.000144813 -8.55976e-05 -4.78913e-05 -5.07961e-05 9.49835e-06 4.10803e-05 7.204e-05 8.05211e-05 
-1.55017e-05 -2.37265e-05 -2.10469e-05 -7.35051e-06 1.74088e-05 4.30101e-05 4.83483e-05 5.18385e-05 5.03302e-05 4.26477e-05 -4.35783e-06 -5.22444e-05 -8.28035e-05 -7.71063e-05 -6.0995e-05 -6.30031e-05 -5.31057e-05 -2.66324e-05 4.41162e-06 6.5029e-05 8.01971e-05 8.05484e-05 7.79606e-05 7.08298e-05 
7.98215e-05 9.02295e-05 0.000108764 0.000142957 0.000174229 0.000193218 0.000184379 0.000185995 0.000194441 0.0002022 0.000153599 8.40965e-05 3.71406e-05 3.34673e-05 3.90836e-05 3.9517e-05 1.52199e-05 2.65315e-05 0.000118436 0.000171829 0.000164437 0.000142333 0.000130186 0.00010949 
0.000107034 0.00014221 0.000170442 0.000178676 0.000173553 0.000177067 0.000182128 0.000188477 0.000199947 0.000234291 0.000220268 0.000166444 0.000125348 0.000110087 0.000124153 0.000114274 9.25635e-05 9.08493e-05 0.000162628 0.000201978 0.000200708 0.000170177 0.000142055 0.000109663 
9.16205e-05 0.00010187 0.000112151 0.000123823 0.000132729 0.00013511 0.000150346 0.000156397 0.000161267 0.000162045 0.000134043 9.16119e-05 6.1993e-05 5.06285e-05 6.51874e-05 8.51087e-05 0.000132513 0.000163079 0.000221497 0.000251176 0.00023517 0.000176202 0.000126354 8.32179e-05 
