1.94587e-05 2.19559e-05 2.41426e-05 3.39496e-05 5.87009e-05 5.53313e-05 1.92738e-05 -7.46088e-06 -9.55059e-06 -7.39124e-06 -3.52729e-06 -1.70479e-06 3.94844e-06 1.00734e-05 1.63031e-05 1.92832e-05 1.36849e-05 8.89858e-06 7.92125e-06 5.01316e-06 4.51187e-06 6.09717e-06 6.24035e-06 6.40312e-06 
-8.0212e-07 -1.86029e-06 5.6767e-06 2.48988e-05 5.08162e-05 7.27638e-05 7.54675e-05 9.28627e-05 0.000115324 0.000133994 0.000155331 0.000168477 0.000155143 0.000114452 7.49151e-05 5.17971e-05 2.36903e-05 1.14778e-05 1.58864e-05 1.01498e-05 1.14189e-05 1.88836e-05 2.10271e-05 2.34402e-05 
1.83938e-05 2.39845e-05 3.33715e-05 3.30756e-05 4.48004e-05 7.96419e-05 0.000129947 0.000185268 0.000236743 0.000276393 0.000316466 0.000365311 0.000382389 0.000342447 0.000272458 0.000211845 0.000146741 9.36592e-05 4.08387e-05 1.90278e-05 9.21368e-06 -8.34193e-07 -7.37204e-06 -8.06827e-06 
1.38051e-05 1.95721e-05 3.27996e-05 4.25982e-05 6.91299e-05 0.000114706 0.00016283 0.000232316 0.000299915 0.000375241 0.000438563 0.000484525 0.000519278 0.00052927 0.000500192 0.000412574 0.000317208 0.000215818 0.00012516 3.50724e-05 1.43937e-07 1.48406e-05 2.26119e-05 2.28081e-05 
-3.4737e-06 3.26412e-06 1.41361e-05 4.52118e-05 8.57972e-05 0.000132619 0.000192181 0.00029285 0.000405177 0.000512281 0.000614923 0.000705164 0.000775291 0.00079516 0.000750212 0.000643258 0.00047948 0.000348391 0.000246644 0.000161883 0.000136279 0.000121395 0.000118784 0.000112646 
-2.91015e-05 -2.31711e-05 -6.07825e-06 3.49709e-05 7.30673e-05 0.00012499 0.000196091 0.000281062 0.000374392 0.000499289 0.000609518 0.000722735 0.00081837 0.000911403 0.000933676 0.000835171 0.0006297 0.000453172 0.000347036 0.000254628 0.00020896 0.000174835 0.000157282 0.000141423 
-2.70662e-05 -2.52791e-05 -1.05496e-05 2.80605e-05 8.08772e-05 0.000141728 0.000217475 0.000308082 0.000408283 0.000533423 0.000651329 0.000758361 0.000862139 0.000900298 0.000920089 0.000890891 0.000771343 0.000602519 0.000504189 0.000397611 0.000306357 0.00024841 0.000204533 0.00018433 
7.93119e-06 1.34002e-05 1.94787e-05 4.23123e-05 8.11342e-05 0.000136231 0.000197609 0.000256546 0.000365182 0.000504345 0.00064136 0.000768847 0.000857379 0.000887968 0.000876626 0.000917878 0.00087179 0.000790111 0.000734174 0.000639976 0.000567746 0.000475484 0.000382754 0.000316058 
2.22919e-05 3.13674e-05 4.46557e-05 6.07158e-05 8.36737e-05 0.000121778 0.000193184 0.000246344 0.000340724 0.000505647 0.000616312 0.000693733 0.000805784 0.000853796 0.000868182 0.000911132 0.000920483 0.000906179 0.000876314 0.000806323 0.00073959 0.000666792 0.000566072 0.000463528 
6.96738e-05 9.00871e-05 0.00010629 0.000120545 0.000156975 0.000207068 0.000269849 0.00034574 0.000412645 0.000580705 0.000705881 0.000766178 0.000834353 0.000885398 0.00091039 0.000926356 0.000949242 0.000985901 0.000998386 0.000970879 0.000891834 0.000787934 0.000654589 0.00051869 
6.72958e-05 9.88178e-05 0.000114381 0.000135288 0.000162223 0.000188954 0.000238025 0.000309049 0.000398557 0.000514403 0.000678453 0.000753482 0.000843378 0.000899303 0.000918721 0.000955972 0.000984561 0.00101346 0.00106504 0.00109022 0.00107264 0.000975601 0.000824298 0.00063876 
3.35241e-05 4.99428e-05 6.56329e-05 9.12412e-05 0.000131418 0.000162194 0.000216913 0.000278887 0.000371319 0.000531133 0.000682765 0.000781544 0.000883387 0.000935229 0.000963551 0.000984421 0.000993316 0.001043 0.00109312 0.0011231 0.00112486 0.00106926 0.000924479 0.00074414 
2.12776e-05 3.8031e-05 4.93891e-05 7.81734e-05 0.000120153 0.000184792 0.000313299 0.000459863 0.000559544 0.000723347 0.000866487 0.000973866 0.00103057 0.00103896 0.00102584 0.000992542 0.00096981 0.00101355 0.00108525 0.00112415 0.00111681 0.00104465 0.000910893 0.000746023 
2.87022e-05 4.23142e-05 5.03243e-05 5.48243e-05 0.000118545 0.000243983 0.000463425 0.000652614 0.000779118 0.000919353 0.00100209 0.0010364 0.00104702 0.00103184 0.00100575 0.000979753 0.000968138 0.000990556 0.00103541 0.00106459 0.00105742 0.000985792 0.000854097 0.000700811 
2.06235e-05 4.19842e-06 2.47416e-06 5.11649e-05 0.000198839 0.000385059 0.000564768 0.000729358 0.000848533 0.000976087 0.00106497 0.00107757 0.00106003 0.00103329 0.00100922 0.000990869 0.000980876 0.00100087 0.00102551 0.00103808 0.00102173 0.000942425 0.000812429 0.000666709 
-1.35954e-05 4.79382e-06 7.29283e-05 0.000220373 0.000409706 0.000562378 0.000718577 0.00088739 0.00103718 0.0011481 0.00118324 0.00114629 0.00107517 0.00101867 0.000995177 0.000975817 0.000966885 0.00097745 0.00100087 0.00100971 0.000983329 0.000893747 0.000757702 0.00061194 
1.14914e-05 6.77315e-05 0.000214442 0.000386639 0.000553595 0.000714725 0.000900028 0.00107763 0.00120854 0.00125527 0.00121841 0.00115517 0.00108163 0.00103475 0.00100466 0.000977811 0.000945915 0.000922579 0.000911023 0.000888942 0.00084475 0.000757786 0.000634485 0.000505445 
4.79846e-05 0.000185693 0.000344536 0.000505572 0.000663602 0.000856307 0.00104921 0.00119761 0.00125571 0.00124306 0.00120806 0.00114199 0.00108021 0.00103696 0.000986921 0.000935445 0.000875218 0.000817324 0.000780422 0.000750851 0.00070904 0.000638619 0.000537856 0.000428058 
0.000117767 0.000274865 0.000435996 0.000586097 0.000755223 0.000963463 0.00113741 0.00120797 0.00119472 0.00118693 0.00116013 0.00107797 0.00101302 0.00095361 0.000888063 0.000809788 0.000728412 0.00065587 0.000603151 0.000559728 0.000511703 0.000444007 0.000358895 0.000276986 
0.000224009 0.000389813 0.00053851 0.000698264 0.00089015 0.00105333 0.00114933 0.00113995 0.00112759 0.00109977 0.0010505 0.000963132 0.00086583 0.000789428 0.000710752 0.000608756 0.000510696 0.000429305 0.000370399 0.000334683 0.000301632 0.000248928 0.000194559 0.000152902 
0.000359177 0.000508214 0.000674427 0.000829958 0.000967344 0.00105881 0.00107276 0.00106595 0.00103809 0.00100682 0.000925709 0.00080695 0.000700367 0.000604684 0.000543348 0.000484643 0.00042568 0.000372104 0.000330446 0.000305944 0.000287613 0.000252526 0.000205805 0.000162001 
0.000444314 0.000605882 0.000757277 0.000877082 0.000963821 0.000975742 0.000952424 0.000944236 0.000914588 0.000854319 0.000754344 0.000641275 0.000587552 0.00053322 0.00047396 0.000429474 0.000394289 0.000366345 0.000352581 0.000336898 0.000318419 0.000284835 0.00023736 0.000187564 
0.00046915 0.000640821 0.000767525 0.000853575 0.000889552 0.000829788 0.000807277 0.000777306 0.000733554 0.000667266 0.000619945 0.000599512 0.000574096 0.000523155 0.000473579 0.000425992 0.000381467 0.000330969 0.000290359 0.000254763 0.000225082 0.000194035 0.000158916 0.000124111 
0.000505164 0.000666412 0.000786015 0.000839137 0.000824883 0.000768318 0.000663191 0.000629467 0.000593985 0.000606219 0.000591919 0.000576206 0.000552835 0.000531361 0.000487627 0.000434561 0.00037456 0.000315036 0.000270118 0.000244762 0.000217669 0.000190623 0.000159159 0.000126487 
0.000563176 0.000697109 0.000787394 0.000835122 0.000803746 0.00066897 0.000597563 0.000568715 0.000597451 0.000600612 0.000573889 0.000558476 0.000534756 0.000511547 0.000468153 0.000404965 0.000333749 0.000288317 0.000250394 0.000230447 0.000216476 0.0001971 0.000164865 0.000130231 
0.000565981 0.000680316 0.000772958 0.000816376 0.000722871 0.00060646 0.000562825 0.000589636 0.000585813 0.000567437 0.000542204 0.000520569 0.000497325 0.000466593 0.000424578 0.000357763 0.000316188 0.000267805 0.000243564 0.000249134 0.000237423 0.000202158 0.000163322 0.000129109 
0.000513723 0.000610422 0.00068614 0.000686514 0.000614792 0.000552385 0.000576762 0.000581587 0.000561055 0.000533913 0.00051268 0.000497071 0.000479241 0.000443351 0.000381392 0.000341099 0.000292288 0.000256486 0.000254738 0.000239561 0.000215358 0.000215952 0.000195042 0.000163855 
0.000476204 0.000551469 0.000594645 0.000575754 0.000533398 0.000544957 0.000564648 0.000555806 0.000528968 0.000514463 0.000503678 0.00048572 0.00046683 0.000434532 0.000376895 0.000320897 0.000274468 0.000256987 0.000243218 0.000228634 0.000241482 0.00024902 0.000241207 0.00021263 
0.000415822 0.000471215 0.000500477 0.000494965 0.000502962 0.000514963 0.000521938 0.000497962 0.000479369 0.000469053 0.000462092 0.000449504 0.000434934 0.000406953 0.000370329 0.000320491 0.000271069 0.000252166 0.000235725 0.000249741 0.000270149 0.000290693 0.000273842 0.000254784 
0.00030674 0.000362995 0.000418105 0.000448 0.000475269 0.000484985 0.000470079 0.000450831 0.000440616 0.000431386 0.000420156 0.000408973 0.000388254 0.000372791 0.000350061 0.000312798 0.000279542 0.000264338 0.00027484 0.000292938 0.000341314 0.000319705 0.000260868 0.000230451 
0.000236404 0.000304515 0.000375098 0.000426058 0.000457409 0.000458358 0.000448437 0.000435933 0.000421086 0.000404952 0.000389843 0.000372889 0.000349761 0.000338176 0.00032001 0.000292873 0.000283048 0.000293202 0.000312518 0.000334342 0.000339769 0.000297127 0.000255356 0.000204451 
0.000202052 0.000279726 0.000354116 0.000408562 0.00044 0.000441668 0.000440291 0.000431117 0.00041078 0.000388277 0.000367033 0.0003497 0.000330673 0.000315067 0.000298427 0.000288855 0.000303788 0.000325497 0.000333922 0.000334678 0.000335549 0.000310961 0.000267097 0.000218839 
0.000203334 0.000273465 0.000341755 0.000388058 0.000408919 0.000420706 0.000430089 0.000425214 0.000402771 0.000375304 0.000349176 0.000326632 0.000308566 0.000294359 0.000288007 0.000292935 0.000318391 0.000343288 0.000315838 0.000293225 0.000309189 0.000265094 0.000181862 0.00012001 
0.000211473 0.000271211 0.000332837 0.000377576 0.000390054 0.000393263 0.000397044 0.000393995 0.00037828 0.000350841 0.000311612 0.000287201 0.000278053 0.000266708 0.000259298 0.000267465 0.000287098 0.000299737 0.000283592 0.00028694 0.000270142 0.000202246 0.000120686 6.68218e-05 
0.000176799 0.000231974 0.00029201 0.000334035 0.000345069 0.000350154 0.000356806 0.000354967 0.000342342 0.000310936 0.000275325 0.00025315 0.000251453 0.000255953 0.000266087 0.000268679 0.000287996 0.000282057 0.000306453 0.000311393 0.000267859 0.000193189 0.000108176 5.50003e-05 
0.000145491 0.000202679 0.000260703 0.000299204 0.000319574 0.000333638 0.0003502 0.000352261 0.000343324 0.000324266 0.000304744 0.000286159 0.000266341 0.000255456 0.000261438 0.000290928 0.000297722 0.000311077 0.000334181 0.000307722 0.000244141 0.000157627 9.41911e-05 5.73457e-05 
0.00020248 0.000261935 0.000315031 0.000357638 0.000385659 0.00040414 0.000408737 0.000403459 0.000394192 0.00038189 0.000370863 0.000343606 0.000313731 0.000296347 0.000300178 0.000310741 0.000307388 0.000335215 0.000337591 0.000299519 0.000222011 0.000153194 0.000107405 8.0027e-05 
0.00027072 0.000333536 0.000384397 0.000398477 0.000384451 0.000374916 0.000372301 0.000370673 0.00037024 0.000385775 0.000407473 0.000407603 0.000386498 0.000366918 0.000361539 0.000349839 0.000337095 0.000331166 0.000341177 0.000306694 0.000243618 0.00017275 0.000128861 8.96962e-05 
0.00022755 0.000289365 0.000329123 0.000326681 0.000297703 0.000262228 0.0002579 0.000262576 0.000268118 0.000301092 0.000346059 0.00036114 0.00035708 0.000346012 0.000333609 0.000299302 0.000289175 0.000281882 0.000289748 0.000260412 0.000190661 0.000115853 7.85145e-05 4.89261e-05 
0.000188931 0.000239488 0.000260968 0.000256624 0.000226171 0.000201025 0.000195099 0.000196305 0.000201384 0.000228092 0.000258815 0.000264459 0.00025487 0.000239573 0.000239235 0.000232096 0.000225589 0.000215814 0.000212857 0.000189948 0.000136805 8.78521e-05 6.48522e-05 4.64174e-05 
