-3.05583e-05 -3.51056e-05 -3.41136e-05 -1.69337e-05 2.01677e-05 2.5598e-05 -1.34149e-06 -5.69419e-06 2.49185e-05 3.5013e-05 4.42495e-05 4.82148e-05 5.80833e-05 7.03369e-05 8.00254e-05 7.88819e-05 6.53901e-05 4.36966e-05 2.51198e-05 3.62403e-06 -5.44503e-06 -4.61264e-06 -2.69956e-06 -8.0357e-07 
-4.38573e-05 -4.99039e-05 -4.19932e-05 -1.80557e-05 1.80016e-05 4.12387e-05 3.7346e-05 3.76172e-05 4.84297e-05 3.71698e-05 1.2827e-05 -1.2776e-06 -3.09436e-06 -4.61917e-06 -1.09754e-05 1.74357e-06 1.30752e-05 4.07638e-05 5.41273e-05 3.72642e-05 2.1799e-05 1.91365e-05 2.17553e-05 2.45787e-05 
-2.66434e-05 -2.49885e-05 -2.11245e-05 -2.7269e-05 -9.22619e-06 2.04353e-05 3.93669e-05 5.38012e-05 5.12588e-05 2.57073e-05 1.27769e-05 1.1737e-05 2.04925e-05 4.56763e-05 5.63494e-05 5.35177e-05 3.5065e-05 4.66917e-05 4.91518e-05 6.99057e-05 6.13701e-05 3.28627e-05 1.81875e-05 1.97236e-05 
-3.54361e-05 -3.49649e-05 -3.3359e-05 -4.71123e-05 -4.85098e-05 -3.52639e-05 -2.44162e-05 2.12608e-06 3.90212e-05 7.68147e-05 0.000127168 0.000186146 0.000203634 0.000204551 0.000173259 0.000140915 0.000126154 9.44116e-05 7.26289e-05 4.06721e-06 -3.12961e-05 -5.01132e-05 -5.13174e-05 -4.96991e-05 
-4.25333e-05 -4.13773e-05 -4.18327e-05 -4.72112e-05 -5.97223e-05 -7.20763e-05 -6.62877e-05 -3.93e-05 1.40705e-05 7.24579e-05 0.000149159 0.000227709 0.000288638 0.000315607 0.000319068 0.000288286 0.000213996 0.000161106 9.5524e-05 3.14697e-05 -1.14121e-05 -4.37916e-05 -3.78044e-05 -2.8929e-05 
-5.60066e-05 -5.43323e-05 -4.88404e-05 -3.89696e-05 -6.2854e-05 -4.42161e-05 -1.78414e-05 2.46834e-05 8.72882e-05 0.00016266 0.000236332 0.000292904 0.000337058 0.000403055 0.000420933 0.00035233 0.000228921 0.000160744 0.000105863 -4.53515e-06 -4.16734e-05 -7.17953e-05 -5.18929e-05 -3.19819e-05 
-5.02131e-05 -4.94268e-05 -4.81138e-05 -4.61083e-05 -2.27254e-05 2.3447e-05 7.60889e-05 0.000157677 0.000278352 0.000376384 0.000433559 0.000457249 0.000434462 0.000370112 0.00031632 0.000305407 0.000213645 0.000143433 0.000107645 2.53461e-06 -8.20874e-05 -0.000127384 -0.000126834 -9.05006e-05 
-2.79546e-05 -2.82556e-05 -3.25662e-05 -1.6684e-05 6.87977e-07 4.10505e-05 7.33651e-05 0.000118011 0.000216778 0.000340714 0.000402615 0.000457471 0.000438384 0.000364437 0.000223338 0.000198997 0.000137481 0.000120225 0.000114187 4.42277e-05 -1.0249e-06 -4.54181e-05 -6.88216e-05 -7.38969e-05 
-8.32408e-06 -3.41826e-06 6.83117e-06 2.98304e-05 4.65595e-05 6.63616e-05 8.77656e-05 0.000139733 0.000261098 0.000370523 0.000392192 0.000387864 0.000371463 0.000279694 0.000156204 9.21503e-05 5.96373e-05 6.68387e-05 8.06571e-05 4.73404e-05 1.89126e-05 2.08209e-06 -7.19598e-06 4.13159e-06 
3.40923e-05 4.91083e-05 6.57358e-05 8.81628e-05 0.000117013 0.00015569 0.000189114 0.000261748 0.000414947 0.000546258 0.000537916 0.000431355 0.000338936 0.000255348 0.000176806 8.71124e-05 6.75292e-05 9.92825e-05 0.000149632 0.00015864 0.000120834 0.000116391 0.000114034 9.7921e-05 
1.99181e-05 3.62077e-05 5.09819e-05 7.31238e-05 8.70835e-05 9.14715e-05 0.00011278 0.000148082 0.000257271 0.00035621 0.000385456 0.000284885 0.000241585 0.000207797 0.00015553 0.000101192 6.74487e-05 6.86717e-05 0.000130942 0.000177346 0.000193566 0.000188296 0.000176467 0.000138606 
-3.13016e-06 2.2029e-06 1.13374e-05 2.8423e-05 4.16511e-05 4.02253e-05 4.11355e-05 4.26055e-05 9.02762e-05 0.000174205 0.000208769 0.000190251 0.000182424 0.000146015 0.000109457 8.56965e-05 6.63129e-05 0.000104644 0.000168261 0.000215015 0.000249777 0.000269226 0.000254485 0.0002122 
-2.0347e-05 -1.50996e-05 -1.08964e-05 2.38398e-05 4.66941e-05 7.72969e-05 0.000131958 0.000164194 0.000187452 0.000265226 0.000294648 0.0002738 0.000240397 0.000180132 0.000136036 0.00011066 0.000104334 0.000163768 0.000244474 0.000283938 0.000299568 0.000300177 0.000279987 0.000238504 
3.80335e-06 1.05271e-05 5.10961e-06 8.77638e-06 3.82298e-05 9.12739e-05 0.000181458 0.000245361 0.000294102 0.000353998 0.000365118 0.000294688 0.000230239 0.000188957 0.000172236 0.000175596 0.000205 0.000262814 0.00030847 0.000331868 0.000337874 0.000324259 0.000288852 0.000239723 
1.12882e-05 -6.16171e-06 -1.63467e-05 -7.85011e-06 3.58977e-05 9.78344e-05 0.000170263 0.000237111 0.000274371 0.00032564 0.000320539 0.000258355 0.000249748 0.000245975 0.000250092 0.000266151 0.00029428 0.000336715 0.000374645 0.000394915 0.000399493 0.000374799 0.000328399 0.000272665 
-1.70356e-05 -2.38327e-05 -2.28621e-05 -2.86637e-06 5.90774e-05 0.000117893 0.000182441 0.000260024 0.000317418 0.000367374 0.000349121 0.000347664 0.000323356 0.000308712 0.000301643 0.00030986 0.000336181 0.00037213 0.000404988 0.000417624 0.000409918 0.00037294 0.00031714 0.00025718 
-4.27207e-05 -7.84254e-05 -5.30396e-05 1.06312e-06 6.71005e-05 0.00012358 0.000200495 0.0002996 0.000381188 0.00040579 0.000435844 0.000421823 0.00038032 0.000362299 0.000371089 0.000371476 0.000358712 0.000352831 0.000357182 0.000354182 0.000342085 0.000312581 0.00026504 0.000213291 
-4.36417e-05 -3.77457e-05 -1.86705e-06 3.09606e-05 4.42624e-05 0.000105625 0.000219408 0.000330878 0.000369475 0.000423202 0.000475644 0.000463708 0.000435999 0.000410288 0.00038843 0.000355592 0.000321286 0.000298015 0.000288454 0.000284842 0.00027786 0.000259681 0.000221677 0.000179596 
-2.26517e-05 -4.08984e-06 -3.3077e-06 -2.14113e-05 1.01711e-05 0.000134449 0.000265578 0.000328882 0.000362992 0.00044604 0.000473026 0.000445727 0.000395314 0.000356235 0.000324381 0.000285413 0.000242062 0.000204766 0.000185895 0.000183376 0.000187265 0.000181443 0.000158992 0.00013227 
6.39561e-06 1.01631e-05 -1.70077e-05 5.93239e-06 9.2368e-05 0.000187678 0.000271621 0.000305735 0.000388776 0.000405021 0.000409816 0.000372849 0.000317647 0.000284539 0.000235504 0.00016633 0.000106541 5.72905e-05 4.09957e-05 5.19022e-05 6.52524e-05 6.17149e-05 5.15367e-05 4.67052e-05 
3.82768e-05 1.64659e-05 3.55954e-05 6.54766e-05 0.000125928 0.00018656 0.00021526 0.000318891 0.000336394 0.000338955 0.000321064 0.000264351 0.000199245 0.000143857 8.99026e-05 3.70863e-05 -7.73923e-06 -3.17737e-05 -3.01937e-05 -8.11828e-06 1.03686e-05 1.63043e-05 1.64209e-05 1.90898e-05 
1.85724e-05 3.1025e-05 5.82075e-05 8.83102e-05 0.000114273 0.000138593 0.000228005 0.000282466 0.000261608 0.000256938 0.000224608 0.000154343 0.000104408 6.03278e-05 8.13658e-06 -3.29146e-05 -4.8169e-05 -3.95975e-05 -2.08356e-05 2.26048e-06 2.36685e-05 3.73409e-05 4.42383e-05 4.27942e-05 
-1.96942e-05 1.59847e-05 5.97576e-05 9.64337e-05 0.000142818 0.000179545 0.000220373 0.000192411 0.000185742 0.00017192 0.000148162 0.000108271 8.98633e-05 6.77117e-05 3.34886e-05 5.23153e-06 -2.20444e-05 -3.73692e-05 -4.00137e-05 -4.12004e-05 -3.58894e-05 -2.27727e-05 -1.15394e-05 -2.84221e-06 
5.29242e-06 6.15443e-05 0.000105564 0.000154185 0.000200429 0.0002198 0.000152581 0.000134955 0.000135529 0.000125376 8.86269e-05 6.64868e-05 6.36536e-05 6.90528e-05 6.0116e-05 4.88989e-05 2.89415e-05 3.28017e-06 5.78248e-06 2.35238e-05 2.52336e-05 2.29516e-05 2.28475e-05 2.27757e-05 
7.13276e-05 0.000105351 0.000154905 0.000216628 0.000241524 0.000171329 0.000136624 0.000123943 0.000109925 8.68804e-05 5.78328e-05 5.01952e-05 4.48257e-05 4.60704e-05 4.44142e-05 3.70507e-05 5.68526e-06 8.06641e-06 2.40293e-05 3.59583e-05 4.98164e-05 5.50893e-05 4.77198e-05 3.34308e-05 
9.97681e-05 0.000156691 0.000213734 0.000245576 0.000185368 0.000148627 0.000119936 9.91583e-05 6.6055e-05 4.13544e-05 1.93761e-05 8.90362e-06 4.82873e-06 6.25797e-06 1.07631e-05 -9.09724e-06 9.10418e-06 1.36478e-05 3.71024e-05 7.72732e-05 7.98879e-05 5.1792e-05 3.62035e-05 4.06082e-05 
0.000128026 0.000173585 0.00019695 0.000171586 0.000128401 0.000108646 8.10231e-05 4.91505e-05 1.93147e-05 4.52081e-06 -1.19196e-06 -2.9577e-07 5.06038e-06 8.82775e-06 2.4487e-06 1.54214e-05 3.08156e-05 4.55944e-05 8.88871e-05 9.54401e-05 8.21815e-05 8.37904e-05 7.75301e-05 6.12971e-05 
0.000155679 0.000179774 0.000160995 0.000136503 9.66412e-05 8.46994e-05 5.10738e-05 1.68633e-05 -6.60642e-06 -4.81996e-06 4.71806e-06 8.69166e-06 1.30209e-05 2.3231e-05 1.89262e-05 2.8561e-05 4.47184e-05 7.95968e-05 0.000107325 0.000101409 6.45131e-05 5.1462e-05 5.51233e-05 4.55106e-05 
0.000152903 0.000150465 0.00012697 9.03168e-05 7.4027e-05 4.20584e-05 1.24238e-05 -1.8543e-05 -3.17091e-05 -3.05083e-05 -2.2266e-05 -9.23635e-06 1.06051e-05 2.8898e-05 4.11503e-05 4.96516e-05 5.78657e-05 8.81583e-05 0.000101162 5.73152e-05 4.94219e-05 8.67006e-05 8.34741e-05 8.03173e-05 
8.42396e-05 7.47552e-05 6.96739e-05 6.26692e-05 4.01517e-05 1.57185e-05 -1.01889e-05 -3.24003e-05 -3.54178e-05 -3.19992e-05 -2.92608e-05 -1.99004e-05 -5.89367e-06 2.3943e-05 4.32434e-05 5.8655e-05 6.88803e-05 9.81121e-05 8.96004e-05 6.27652e-05 0.000134487 0.000138053 9.8172e-05 8.77762e-05 
3.74868e-05 3.50582e-05 3.22541e-05 2.99405e-05 2.1633e-05 7.07658e-06 -8.01759e-06 -2.23835e-05 -2.76709e-05 -2.82129e-05 -2.66237e-05 -2.30371e-05 -1.95835e-05 2.7196e-06 2.40237e-05 4.3556e-05 6.84001e-05 8.91262e-05 8.05042e-05 0.000116764 0.000171605 0.000164995 0.000144255 0.000116826 
2.83636e-06 8.97874e-06 1.53973e-05 1.7224e-05 1.52315e-05 2.91167e-06 -3.52012e-06 -1.15211e-05 -1.88141e-05 -2.38222e-05 -2.77987e-05 -2.65211e-05 -2.00675e-05 -4.37136e-06 7.40198e-06 2.7474e-05 5.56737e-05 7.0262e-05 7.50077e-05 0.000114333 0.000166948 0.000194797 0.000185296 0.000153211 
1.05092e-05 1.67095e-05 1.81386e-05 1.44109e-05 4.74559e-06 9.77442e-07 -8.86918e-07 -6.39772e-06 -1.37465e-05 -2.24097e-05 -2.28932e-05 -2.25059e-05 -1.73654e-05 -6.56711e-06 7.61179e-06 2.62749e-05 5.75662e-05 6.99305e-05 5.39906e-05 7.33277e-05 0.000136532 0.000111994 6.74468e-05 3.85641e-05 
1.27523e-05 1.05083e-05 9.83903e-06 6.77741e-06 -6.00073e-06 -1.43207e-05 -2.02186e-05 -2.53938e-05 -2.55098e-05 -2.72768e-05 -3.60927e-05 -3.21095e-05 -2.45454e-05 -1.5777e-05 -8.47561e-06 5.52694e-06 1.67203e-05 2.89885e-05 2.0319e-05 4.1777e-05 4.89571e-05 6.82801e-06 -4.54481e-05 -4.73108e-05 
-4.25319e-06 -1.22275e-05 -1.6715e-05 -1.39664e-05 -2.08173e-05 -2.57629e-05 -3.17606e-05 -3.50178e-05 -3.11541e-05 -3.65036e-05 -4.641e-05 -5.03881e-05 -4.88992e-05 -3.8494e-05 -1.58403e-05 -1.67559e-05 -1.78082e-07 3.83346e-06 1.98707e-05 8.90377e-06 -2.78903e-05 -5.4939e-05 -7.75183e-05 -6.11313e-05 
-1.28397e-05 -9.73504e-06 -7.18867e-06 -6.61655e-06 -2.06052e-05 -2.84638e-05 -3.23487e-05 -3.32715e-05 -2.91585e-05 -2.35678e-05 -2.30468e-05 -3.33357e-05 -3.96067e-05 -3.49615e-05 -1.8087e-05 -7.86844e-07 -1.4575e-05 -6.43649e-06 3.80366e-06 -1.46251e-05 -3.27129e-05 -5.23848e-05 -6.07796e-05 -4.63731e-05 
1.24367e-05 3.15539e-05 4.18425e-05 4.40192e-05 4.91976e-05 5.22792e-05 4.97336e-05 4.86402e-05 4.39264e-05 3.63257e-05 4.05395e-05 1.55728e-05 -5.16542e-06 -5.26191e-06 1.39346e-05 2.91643e-05 3.00353e-05 6.17337e-05 5.75222e-05 3.42356e-05 1.22337e-05 1.06118e-05 4.46606e-06 7.27452e-06 
0.000118483 0.000150216 0.000166951 0.000154006 0.000124754 0.000105283 9.6082e-05 9.497e-05 9.60135e-05 0.000110193 0.000127503 0.000125584 0.000113788 0.000112163 0.000124613 0.000132975 0.00012456 0.00010953 0.000114546 0.000104733 8.49482e-05 6.23297e-05 5.43638e-05 4.16029e-05 
0.000130951 0.000166416 0.000176506 0.000150412 0.000114052 8.20206e-05 7.4049e-05 7.17905e-05 7.66479e-05 0.000102768 0.000133687 0.000143575 0.000141866 0.000145191 0.000160941 0.000146011 0.000133947 0.00011434 0.000110923 0.000105985 7.55437e-05 4.39954e-05 3.28782e-05 2.32296e-05 
0.000157992 0.000195118 0.000208408 0.000201409 0.000168236 0.000132784 0.000121481 0.000120322 0.000124398 0.000141709 0.00014407 0.000134112 0.000124493 0.000115528 0.000138787 0.000150306 0.000144683 0.000130634 0.000131801 0.000130037 0.000107137 7.88264e-05 6.40094e-05 5.2016e-05 
