-3.08908e-05 -3.52477e-05 -3.5656e-05 -3.14031e-05 -3.34604e-05 -3.11699e-05 -3.55079e-05 -3.70208e-05 -4.0534e-05 -4.57687e-05 -4.68479e-05 -4.34191e-05 -3.93084e-05 -3.55765e-05 -3.1738e-05 -2.92784e-05 -2.79733e-05 -2.63142e-05 -1.89968e-05 -8.69684e-06 -2.91501e-06 -4.71897e-07 -3.71857e-08 1.11195e-07 
-3.88838e-05 -4.56523e-05 -4.43633e-05 -4.31452e-05 -5.55064e-05 -5.41687e-05 -6.24089e-05 -7.66334e-05 -9.01692e-05 -0.000114024 -0.00013094 -0.000125355 -0.000117546 -0.000108793 -9.83336e-05 -8.03541e-05 -5.62434e-05 -3.8404e-05 -2.84359e-05 -2.32545e-05 -1.90521e-05 -1.31752e-05 -1.12678e-05 -1.05398e-05 
-4.52414e-05 -5.16251e-05 -5.77238e-05 -7.28629e-05 -9.1092e-05 -0.000100255 -0.000114478 -0.000134546 -0.000157644 -0.000191203 -0.000211677 -0.00021063 -0.000197914 -0.000161448 -0.00014279 -0.000125783 -9.98261e-05 -7.56193e-05 -4.39855e-05 -1.84491e-05 -3.37272e-06 4.50759e-06 8.13418e-06 7.539e-06 
-3.53713e-05 -4.11445e-05 -5.61628e-05 -9.37363e-05 -0.000135925 -0.00016314 -0.000188674 -0.00022146 -0.000223029 -0.000214224 -0.000184206 -0.00015613 -0.000150025 -0.000148585 -0.000154419 -0.000159533 -0.000125463 -8.56308e-05 -7.18481e-05 -5.76747e-05 -4.16147e-05 -3.15329e-05 -2.199e-05 -2.12652e-05 
-3.50044e-05 -4.27693e-05 -6.30201e-05 -0.000110651 -0.00016917 -0.000211957 -0.00025025 -0.000282179 -0.00030582 -0.000312862 -0.000286807 -0.000234425 -0.000192179 -0.000183633 -0.000176359 -0.000162873 -0.00014699 -0.000105845 -0.000100228 -0.000101092 -8.33765e-05 -6.51485e-05 -5.25074e-05 -4.92731e-05 
-2.99861e-05 -3.68325e-05 -5.93429e-05 -0.000104411 -0.000152218 -0.000184604 -0.00021391 -0.000241088 -0.000282049 -0.000308805 -0.000298756 -0.000277833 -0.000253991 -0.000238713 -0.000220105 -0.000200141 -0.000181073 -0.000138951 -0.000120665 -0.000148687 -0.000131928 -0.000109842 -7.87371e-05 -5.23611e-05 
-1.80976e-05 -2.14814e-05 -3.26104e-05 -6.64662e-05 -0.000103323 -0.000128357 -0.000143067 -0.000160836 -0.000202043 -0.000243167 -0.000258918 -0.000247199 -0.000253775 -0.000266794 -0.000253042 -0.000213541 -0.000158726 -0.000119823 -0.000125883 -0.000145464 -0.000156034 -0.000152734 -0.000126457 -9.58205e-05 
-2.14558e-05 -2.64356e-05 -3.41308e-05 -4.71225e-05 -6.15823e-05 -6.85356e-05 -7.44138e-05 -9.36228e-05 -0.00013877 -0.000188108 -0.000212915 -0.000212252 -0.000218262 -0.000213293 -0.000203641 -0.00016795 -0.00011813 -9.93761e-05 -0.000116325 -0.000149959 -0.000162563 -0.000138658 -0.000111411 -9.12219e-05 
-9.28805e-06 -1.56479e-05 -1.97257e-05 -2.95505e-05 -3.81643e-05 -4.51692e-05 -6.05089e-05 -7.31251e-05 -7.57351e-05 -0.000123089 -0.000163149 -0.000152537 -0.000142691 -0.000136343 -0.000131333 -0.000130935 -9.15399e-05 -9.44577e-05 -0.000120563 -0.000165171 -0.000195636 -0.000179693 -0.000150373 -0.000117094 
1.94952e-06 -8.67769e-07 -1.16298e-06 -1.50538e-05 -2.94325e-05 -3.97129e-05 -5.38967e-05 -6.62266e-05 -5.7674e-05 -6.35253e-05 -8.36659e-05 -8.32681e-05 -7.85058e-05 -7.43916e-05 -8.99596e-05 -0.000129834 -0.000138296 -0.000146075 -0.000160871 -0.000187332 -0.000206056 -0.000197324 -0.000163835 -0.000117132 
-2.97106e-06 -4.21739e-06 -3.20241e-06 -1.08191e-05 -2.15696e-05 -3.28311e-05 -5.82802e-05 -8.03643e-05 -7.72893e-05 -5.99817e-05 -5.5719e-05 -6.80096e-05 -8.14951e-05 -8.78064e-05 -0.000100936 -0.000152287 -0.00019324 -0.000224468 -0.000240194 -0.000245207 -0.00024258 -0.000229317 -0.000197839 -0.000164763 
-6.38305e-06 -9.55599e-06 -6.37952e-06 9.24784e-07 6.74512e-06 2.40729e-07 -3.15594e-05 -6.72655e-05 -9.27024e-05 -9.54575e-05 -0.000101235 -0.000117401 -0.000128873 -0.000142534 -0.000161328 -0.000194648 -0.000247883 -0.000274986 -0.000283937 -0.000289242 -0.00028148 -0.000252539 -0.000211568 -0.000167617 
-1.01967e-05 -9.39721e-06 5.08074e-07 -1.83097e-06 -7.71536e-06 -2.15857e-05 -5.98006e-05 -0.000104895 -0.000134979 -0.000142339 -0.000150548 -0.000172205 -0.000184308 -0.000192796 -0.000209835 -0.000239277 -0.000264245 -0.000279255 -0.000286314 -0.000285528 -0.000273096 -0.000241564 -0.000201048 -0.000157219 
-3.52894e-07 -1.42748e-06 -1.48201e-05 -3.47973e-05 -5.07672e-05 -6.95626e-05 -8.74302e-05 -0.000105485 -0.000118156 -0.000125808 -0.000140542 -0.000187812 -0.000224023 -0.000243914 -0.000251165 -0.000255871 -0.000258042 -0.000259912 -0.000258161 -0.000249109 -0.000230108 -0.000197489 -0.000159632 -0.00011986 
3.66044e-06 -8.2014e-06 -1.56717e-05 -4.14833e-05 -6.52949e-05 -8.48293e-05 -9.12229e-05 -9.42533e-05 -9.73378e-05 -0.000115274 -0.000169472 -0.000236807 -0.000263342 -0.000264107 -0.000258635 -0.000256632 -0.000255299 -0.000251847 -0.000247622 -0.000237367 -0.000213682 -0.000179772 -0.000139521 -9.99548e-05 
-1.68121e-05 -3.13904e-05 -5.74161e-05 -8.55573e-05 -0.00010036 -0.000107998 -0.000117666 -0.000131476 -0.000129964 -0.000162038 -0.000223857 -0.00023801 -0.000236901 -0.000222078 -0.000212079 -0.000213865 -0.000211269 -0.0002068 -0.000191258 -0.000178535 -0.000167756 -0.000151392 -0.000126813 -9.9262e-05 
-4.3141e-05 -7.21726e-05 -8.91365e-05 -9.14892e-05 -0.000110729 -0.000132539 -0.000139056 -0.000139198 -0.000162364 -0.000209144 -0.000216962 -0.000210296 -0.000187855 -0.000162835 -0.000152651 -0.000144895 -0.000140346 -0.000135301 -0.000131019 -0.000128965 -0.000123687 -0.000113392 -9.68391e-05 -7.88001e-05 
-4.75632e-05 -6.02484e-05 -5.43698e-05 -6.40196e-05 -9.91159e-05 -0.000118285 -0.000126861 -0.00014236 -0.000184022 -0.000196774 -0.000177288 -0.000127944 -9.01654e-05 -6.69571e-05 -6.16992e-05 -4.97573e-05 -4.0902e-05 -4.1911e-05 -4.94958e-05 -5.67871e-05 -6.02187e-05 -6.42234e-05 -6.27058e-05 -5.81335e-05 
-4.11637e-05 -2.84668e-05 -3.4142e-05 -5.34051e-05 -8.43033e-05 -9.96451e-05 -0.000131127 -0.00017365 -0.000184093 -0.000158584 -0.000104231 -3.99063e-05 1.17141e-05 3.80093e-05 4.49554e-05 5.14144e-05 5.47095e-05 4.95811e-05 4.04697e-05 3.39463e-05 3.00605e-05 2.50515e-05 1.85429e-05 1.27371e-05 
-2.23753e-05 -2.82282e-05 -4.00204e-05 -5.69972e-05 -8.95206e-05 -0.000141896 -0.000192291 -0.000200372 -0.000153578 -9.8683e-05 -1.93711e-05 6.5817e-05 0.000117788 0.000142733 0.00013711 0.000125753 0.000119429 9.9939e-05 8.40999e-05 7.91924e-05 7.45763e-05 6.28606e-05 4.69626e-05 3.45661e-05 
-3.2112e-05 -5.29658e-05 -8.07839e-05 -0.00011388 -0.000161999 -0.000213959 -0.0002238 -0.000162893 -8.7367e-05 -1.60704e-05 6.38366e-05 0.000137564 0.000162933 0.000174197 0.000168854 0.000150241 0.000130183 9.98264e-05 7.65502e-05 6.17507e-05 5.64806e-05 4.70705e-05 3.44107e-05 2.50065e-05 
-5.44724e-05 -8.73721e-05 -0.000119639 -0.000166336 -0.00021509 -0.000224125 -0.000170488 -9.55223e-05 -2.44064e-05 6.59426e-05 0.000145087 0.00017524 0.000191837 0.000184124 0.000145953 0.000104927 8.05242e-05 6.76746e-05 6.0909e-05 5.37075e-05 5.3687e-05 4.68782e-05 3.72326e-05 2.8678e-05 
-7.31201e-05 -0.00011607 -0.000156257 -0.00019563 -0.000205645 -0.000165145 -0.000118077 -5.08956e-05 4.59772e-05 0.000138101 0.000184505 0.000196509 0.000200321 0.000189345 0.000153834 0.000115903 8.27074e-05 5.48093e-05 3.78455e-05 4.27545e-05 4.33396e-05 3.85188e-05 2.92358e-05 1.97567e-05 
-0.000105971 -0.000147702 -0.000171738 -0.000172627 -0.000157618 -0.000118569 -5.14564e-05 5.71023e-05 0.000141092 0.000161425 0.000161218 0.000168273 0.000174323 0.000164303 0.00014114 0.000119041 8.34769e-05 5.23383e-05 5.14897e-05 5.02568e-05 4.10389e-05 3.3233e-05 2.2851e-05 1.27932e-05 
-0.000138084 -0.0001618 -0.00015384 -0.000122975 -8.73679e-05 -2.58165e-05 8.90896e-05 0.000158327 0.000158632 0.000157322 0.000145201 0.000149019 0.000154659 0.000151096 0.000140362 0.000112765 7.16779e-05 4.41122e-05 3.13538e-05 1.6716e-05 3.47688e-06 -4.32753e-06 -1.09181e-05 -1.68716e-05 
-0.000135142 -0.000128896 -0.000100811 -6.94793e-05 -3.07276e-05 6.4729e-05 0.000135441 0.000141816 0.000136547 0.000140131 0.000141624 0.000141313 0.000140572 0.000135208 0.000109832 7.57684e-05 3.84321e-05 2.22908e-05 5.94948e-06 -3.55735e-06 -2.24898e-05 -4.78138e-05 -5.09148e-05 -3.95723e-05 
-0.000103559 -8.80994e-05 -6.39012e-05 -2.57529e-05 3.78695e-05 0.000122739 0.000121533 0.000123279 0.00012869 0.000134635 0.000137588 0.000135661 0.000130511 0.000115176 8.4895e-05 5.04615e-05 1.60838e-05 1.48754e-07 -1.12481e-05 -2.45812e-05 -4.04452e-05 -5.05348e-05 -4.36139e-05 -3.00937e-05 
-8.27268e-05 -6.00437e-05 -2.58534e-05 2.83358e-05 0.000103614 0.000114893 0.000112584 0.000114627 0.000118446 0.000126452 0.000130765 0.000128132 0.000116925 9.70029e-05 6.73905e-05 3.60033e-05 8.17231e-06 -7.65926e-06 -1.40112e-05 -2.4067e-05 -4.27035e-05 -2.9629e-05 -9.05113e-06 7.9875e-06 
-3.73759e-05 -1.0637e-05 3.02891e-05 8.53615e-05 0.000110849 9.70793e-05 9.85992e-05 9.98901e-05 0.000102249 0.000107244 0.000112204 0.000117023 0.000113962 9.02873e-05 6.31705e-05 3.43528e-05 1.21562e-05 2.61324e-07 -5.14891e-06 -1.68167e-05 7.56554e-06 4.44578e-05 5.40914e-05 5.767e-05 
-8.19503e-06 2.31236e-05 6.49372e-05 9.4883e-05 0.000100668 9.40451e-05 9.2878e-05 9.6422e-05 9.8455e-05 9.87513e-05 0.000101621 0.000107915 0.000104949 8.89229e-05 6.83911e-05 3.97958e-05 2.4421e-05 2.29439e-05 1.90884e-05 4.53591e-05 9.85807e-05 0.000112027 8.16769e-05 6.59201e-05 
3.50886e-05 5.54668e-05 7.34886e-05 8.76768e-05 9.24382e-05 9.49181e-05 9.60548e-05 9.88615e-05 0.000100341 9.91203e-05 9.89779e-05 9.91158e-05 8.91555e-05 7.69604e-05 6.4859e-05 4.64401e-05 3.8747e-05 4.05736e-05 4.1918e-05 8.6158e-05 0.000124695 0.000103527 7.52179e-05 4.95317e-05 
4.16241e-05 5.8328e-05 7.41935e-05 8.20656e-05 9.13338e-05 9.55418e-05 9.95011e-05 0.00010005 9.98616e-05 9.81437e-05 9.50202e-05 9.11947e-05 8.12475e-05 6.88566e-05 5.9699e-05 5.3791e-05 5.45972e-05 5.18936e-05 5.50322e-05 6.31464e-05 6.09537e-05 6.52758e-05 4.49659e-05 1.99384e-05 
5.0917e-05 5.9019e-05 7.181e-05 8.40099e-05 9.52868e-05 0.00010406 0.000109006 0.000110497 0.000112822 0.000112328 0.000110826 0.000103851 9.57144e-05 8.45234e-05 8.00349e-05 8.25282e-05 8.47226e-05 7.81897e-05 3.57113e-05 4.88161e-06 6.88038e-06 -2.63837e-05 -5.43119e-05 -7.18811e-05 
5.67702e-05 7.54362e-05 9.2943e-05 0.000106339 0.000125526 0.000139813 0.000144045 0.000146311 0.000149556 0.000149939 0.0001449 0.000137234 0.000123892 0.000115659 0.000115984 0.000123473 0.000124611 8.30253e-05 3.08033e-05 -6.97426e-07 -4.87775e-05 -8.6807e-05 -0.000108205 -0.000113441 
8.32919e-05 0.000103943 0.000127242 0.000148697 0.000162699 0.000172625 0.000172116 0.000169361 0.000167705 0.000159753 0.000150083 0.000140508 0.000129557 0.000125233 0.000135428 0.000142333 0.000124644 7.64478e-05 5.92038e-05 6.72352e-06 -4.96422e-05 -8.2184e-05 -9.8767e-05 -8.63637e-05 
8.88909e-05 0.000113503 0.000139096 0.000148403 0.000131102 0.000110834 0.000108884 0.000111656 0.000112969 0.000114499 0.000125309 0.000132535 0.000133076 0.000129328 0.000138885 0.000144328 0.000109732 9.71583e-05 6.77985e-05 2.98608e-05 -9.86938e-06 -4.23522e-05 -5.7178e-05 -4.80023e-05 
7.31041e-05 9.46395e-05 0.000108536 0.000113865 0.000103457 9.00764e-05 8.82633e-05 9.26946e-05 9.42618e-05 9.39762e-05 0.000102072 0.000109844 0.000116128 0.000113686 0.00012402 0.000140982 0.000136137 0.00011611 6.70575e-05 2.68799e-05 6.30361e-07 -1.46259e-05 -2.04376e-05 -1.53451e-05 
8.14593e-05 9.9848e-05 0.000109647 0.000105864 8.88366e-05 7.76286e-05 7.73871e-05 7.92522e-05 8.25965e-05 9.22907e-05 0.000110215 0.000123877 0.000129095 0.000128816 0.000131397 0.000138718 0.000109573 4.62831e-05 1.55967e-05 1.88028e-06 -2.88256e-06 -6.64051e-06 -7.76051e-06 -8.1998e-06 
5.18928e-05 7.86224e-05 8.90344e-05 8.0296e-05 6.59174e-05 4.0196e-05 3.49647e-05 3.88878e-05 4.75349e-05 7.14036e-05 9.68895e-05 0.000101413 0.000104419 0.000105789 0.000108476 8.42676e-05 4.79249e-05 5.80799e-06 -1.08952e-05 -1.33139e-05 -1.64112e-05 -2.22872e-05 -2.72286e-05 -2.6756e-05 
3.56028e-05 4.86521e-05 5.24883e-05 4.45586e-05 1.7053e-05 -3.21035e-06 -7.73733e-06 -2.63082e-06 3.92104e-06 1.42363e-05 2.44284e-05 3.20791e-05 3.60403e-05 3.23376e-05 3.79526e-05 3.5874e-05 1.66987e-05 -8.39523e-06 -2.3252e-05 -2.96356e-05 -2.8047e-05 -2.95939e-05 -2.81616e-05 -2.28244e-05 
