-2.97533e-05 -3.64402e-05 -3.88401e-05 -4.74081e-05 -8.33976e-05 -6.39469e-05 -5.55901e-05 -4.22927e-05 -3.26773e-05 -5.66458e-05 -8.99667e-05 -0.000109572 -0.00010614 -9.47969e-05 -7.65724e-05 -5.93458e-05 -3.76783e-05 -2.03721e-05 -1.0801e-05 -1.01272e-05 -1.3312e-05 -1.66293e-05 -1.64724e-05 -1.331e-05 
-4.22892e-05 -4.9249e-05 -5.73402e-05 -8.32801e-05 -0.000128068 -0.000141032 -0.000120541 -0.000132366 -0.000165846 -0.00022337 -0.000288915 -0.000337443 -0.00035499 -0.000323478 -0.000275449 -0.000228413 -0.000162179 -0.000101936 -5.56225e-05 -2.41993e-05 -2.09936e-05 -2.32416e-05 -1.91998e-05 -1.55164e-05 
-9.37319e-05 -0.000108448 -0.000113405 -0.000102628 -0.00011829 -0.000173474 -0.000237458 -0.000289055 -0.000330129 -0.000398526 -0.000481506 -0.000519864 -0.000541236 -0.000499344 -0.000435175 -0.000375587 -0.000306691 -0.000224937 -0.000140431 -8.00191e-05 -5.04961e-05 -3.31472e-05 -2.72788e-05 -1.85046e-05 
-0.00012757 -0.000145614 -0.000156312 -0.000133371 -0.000141535 -0.000194455 -0.000247497 -0.000331129 -0.000390493 -0.00044165 -0.000504547 -0.000560755 -0.00060749 -0.000594829 -0.000533322 -0.000492205 -0.00044348 -0.000356824 -0.000261174 -0.000148271 -8.37824e-05 -4.72788e-05 -2.52636e-05 -1.42876e-05 
-0.000126533 -0.000149145 -0.000152956 -0.00013575 -0.000120354 -0.000163401 -0.000255523 -0.000331142 -0.00039411 -0.000459377 -0.000529768 -0.000578782 -0.000596677 -0.000600503 -0.000590492 -0.000596709 -0.00055728 -0.00050858 -0.000399899 -0.000260663 -0.000152137 -8.5153e-05 -4.60412e-05 -2.51314e-05 
-0.000102506 -0.000116629 -0.000118781 -0.000118416 -0.000116433 -0.000162946 -0.000250484 -0.000293508 -0.000295916 -0.000320148 -0.000372867 -0.000454498 -0.000518313 -0.000586652 -0.00063534 -0.000635559 -0.000645045 -0.000620816 -0.000525743 -0.000369764 -0.000240352 -0.000155911 -8.53111e-05 -5.91067e-05 
-9.04912e-05 -0.000103167 -0.000116311 -0.0001154 -0.000181077 -0.000300137 -0.000377855 -0.000444124 -0.000492785 -0.000519442 -0.000536804 -0.000552779 -0.000540291 -0.000564571 -0.000619121 -0.000730286 -0.00076695 -0.000738305 -0.000677421 -0.000553201 -0.000428923 -0.000296072 -0.000177508 -9.67721e-05 
-7.23523e-05 -8.82058e-05 -0.000104605 -0.000147188 -0.000200587 -0.000272252 -0.000339876 -0.000401666 -0.000421879 -0.00044471 -0.000478715 -0.000553476 -0.000552192 -0.000564093 -0.000611775 -0.00080069 -0.000885296 -0.00093693 -0.000882259 -0.000786189 -0.000675588 -0.000568207 -0.000460639 -0.000349388 
-8.66331e-05 -0.000108928 -0.000130607 -0.00017186 -0.000235465 -0.000295511 -0.000347518 -0.000371856 -0.000366274 -0.00039143 -0.000420368 -0.000459942 -0.000507863 -0.000534291 -0.000555713 -0.000737177 -0.000833398 -0.000909671 -0.000923092 -0.000865832 -0.000765433 -0.000662337 -0.000538308 -0.000431669 
-9.80702e-05 -0.000126052 -0.000151267 -0.000203372 -0.000312798 -0.000413079 -0.000491726 -0.000544894 -0.000597214 -0.000643503 -0.000641796 -0.00061693 -0.000582557 -0.000569693 -0.000616901 -0.00071067 -0.000789732 -0.000852908 -0.000861623 -0.000813563 -0.000753197 -0.000686619 -0.00058288 -0.000439668 
-8.25671e-05 -0.000110002 -0.000135084 -0.000181246 -0.000247791 -0.000312862 -0.000408685 -0.000508397 -0.000597457 -0.000675772 -0.000719718 -0.000717834 -0.000710482 -0.00069545 -0.000679581 -0.000710702 -0.000757538 -0.000815691 -0.000834034 -0.000779543 -0.000688807 -0.000608205 -0.000502576 -0.000379096 
-6.5664e-05 -8.72283e-05 -0.000105721 -0.000129792 -0.00018301 -0.000269255 -0.000370584 -0.000482485 -0.000549164 -0.000612402 -0.000674497 -0.00073709 -0.00074957 -0.000728858 -0.000730165 -0.000776075 -0.000831682 -0.000871105 -0.000858185 -0.000818516 -0.000753645 -0.000642706 -0.000527094 -0.000410968 
-6.01047e-05 -8.27748e-05 -0.000116026 -0.000172618 -0.000240343 -0.000344938 -0.000483137 -0.0006127 -0.000685296 -0.000746741 -0.000796111 -0.000835603 -0.000836879 -0.000830703 -0.000819797 -0.000824359 -0.000843654 -0.00086068 -0.000859653 -0.000833239 -0.000788835 -0.000706067 -0.000594305 -0.00046428 
-6.31564e-05 -0.00010718 -0.000158906 -0.000230443 -0.000328432 -0.00047808 -0.000668073 -0.000831952 -0.000923032 -0.000951651 -0.000959915 -0.000916525 -0.000866839 -0.000836164 -0.000819379 -0.000809456 -0.000810201 -0.000814507 -0.000836087 -0.000844862 -0.000825914 -0.000759108 -0.000650817 -0.000533185 
-7.3945e-05 -0.000104729 -0.000165111 -0.000273145 -0.000413478 -0.000593492 -0.00077461 -0.000908802 -0.000939052 -0.000918563 -0.000873551 -0.00080035 -0.000781422 -0.000768431 -0.000762692 -0.000756362 -0.000760059 -0.000757891 -0.000765092 -0.000761924 -0.000740698 -0.000673998 -0.000573839 -0.000466998 
-7.61393e-05 -0.000149264 -0.000262841 -0.000401267 -0.000563654 -0.000706691 -0.000850417 -0.000883608 -0.000887333 -0.00084517 -0.000774273 -0.000740353 -0.000715554 -0.000684958 -0.000677275 -0.000645915 -0.000620052 -0.000609282 -0.000613898 -0.000615696 -0.000594466 -0.000535564 -0.000448722 -0.000360595 
-0.000107665 -0.000222681 -0.000363457 -0.000530288 -0.000695085 -0.000842192 -0.000907759 -0.000942519 -0.000929224 -0.000847498 -0.000797743 -0.000761818 -0.00069909 -0.000651427 -0.000611275 -0.000584747 -0.000550022 -0.000529003 -0.000523753 -0.000509136 -0.000482903 -0.000429315 -0.000356183 -0.0002837 
-0.00014929 -0.00030416 -0.00046244 -0.000626629 -0.000799895 -0.000923856 -0.000989455 -0.00101232 -0.000936634 -0.000852561 -0.000810398 -0.00073594 -0.000670501 -0.000616191 -0.000566249 -0.000507796 -0.000440063 -0.000382376 -0.000360827 -0.000354262 -0.000331818 -0.000293125 -0.000251543 -0.000215243 
-0.000234776 -0.000402596 -0.00056892 -0.000746026 -0.000902336 -0.000998713 -0.001052 -0.000981978 -0.000857779 -0.000783413 -0.000723495 -0.000627181 -0.000547158 -0.00048855 -0.000426901 -0.00035526 -0.000281496 -0.00024029 -0.000230824 -0.000223577 -0.000208439 -0.000178768 -0.000146151 -0.000117661 
-0.000341793 -0.000519189 -0.000689473 -0.000825872 -0.000935503 -0.00098992 -0.000952722 -0.000857671 -0.000775575 -0.000699219 -0.000596457 -0.000495163 -0.000415953 -0.00034941 -0.000306828 -0.000258036 -0.000231288 -0.000238843 -0.000251142 -0.000248415 -0.000221839 -0.000167847 -0.000120146 -8.87268e-05 
-0.000417852 -0.000596376 -0.000717721 -0.00081258 -0.000878257 -0.000865066 -0.000820135 -0.000738763 -0.000647564 -0.000547017 -0.000455092 -0.000364538 -0.00030556 -0.000248036 -0.000231277 -0.00021916 -0.000225777 -0.000232661 -0.000229809 -0.000217802 -0.00020079 -0.000166066 -0.000124507 -9.01692e-05 
-0.000465363 -0.000598918 -0.000710647 -0.000795478 -0.000813291 -0.000762777 -0.000658631 -0.000535707 -0.000420105 -0.000365982 -0.000319029 -0.000276813 -0.000246054 -0.0002534 -0.0002641 -0.000297228 -0.000308611 -0.000294907 -0.000283131 -0.000269387 -0.000248642 -0.000207722 -0.000160511 -0.000125535 
-0.000483642 -0.000612941 -0.000723096 -0.000776047 -0.000725229 -0.000647135 -0.000476097 -0.00032967 -0.000248529 -0.000227044 -0.000278441 -0.000302911 -0.000295406 -0.000289463 -0.000305492 -0.000340276 -0.000347799 -0.000346287 -0.000331071 -0.000311965 -0.000274627 -0.000224637 -0.000171823 -0.000132566 
-0.000475662 -0.000607087 -0.000707305 -0.000710855 -0.000645069 -0.000483711 -0.000296967 -0.000225505 -0.0002139 -0.000277308 -0.000328396 -0.000336399 -0.000315397 -0.000295886 -0.000294836 -0.000300607 -0.00031256 -0.000320298 -0.000325587 -0.000312287 -0.000286448 -0.000239193 -0.000189843 -0.000144269 
-0.000484981 -0.000592052 -0.000615284 -0.000607657 -0.000500476 -0.000314041 -0.000209931 -0.000239655 -0.00035905 -0.000403562 -0.000401541 -0.000380701 -0.000355754 -0.000320865 -0.000297924 -0.000280573 -0.000273249 -0.000278631 -0.00028286 -0.000270397 -0.000243909 -0.000204254 -0.000165785 -0.000124648 
-0.000476894 -0.000510913 -0.000511456 -0.000444189 -0.000323466 -0.000207548 -0.000240686 -0.000391942 -0.000469054 -0.000488846 -0.000482626 -0.000457611 -0.000421449 -0.000387424 -0.000350927 -0.000308052 -0.000292088 -0.000283684 -0.00026953 -0.000238266 -0.000201212 -0.000162516 -0.000134462 -0.000115483 
-0.000399929 -0.00042068 -0.00038097 -0.00031811 -0.000232022 -0.000247776 -0.000405475 -0.000503086 -0.000528976 -0.00053581 -0.000522711 -0.000491803 -0.000458569 -0.000424955 -0.000386599 -0.000374435 -0.000344607 -0.000313931 -0.000272925 -0.000235545 -0.000231633 -0.000197872 -0.000156295 -0.000107788 
-0.000332701 -0.000335205 -0.000314252 -0.000256539 -0.000233139 -0.000375783 -0.000504863 -0.000544043 -0.000543676 -0.000533848 -0.000513837 -0.000483727 -0.000455576 -0.000425352 -0.000396172 -0.000388071 -0.000355247 -0.000320475 -0.000267926 -0.000255818 -0.00023867 -0.000200109 -0.000151067 -0.00012231 
-0.000268748 -0.000268042 -0.000258847 -0.000239651 -0.000335725 -0.000476509 -0.00055721 -0.000562923 -0.000554975 -0.000540862 -0.000517587 -0.000479118 -0.000439692 -0.000410803 -0.000384377 -0.000363082 -0.000324769 -0.000293842 -0.000259664 -0.000268862 -0.000290991 -0.000276406 -0.000266792 -0.000264155 
-0.000170329 -0.000195277 -0.000218562 -0.000292987 -0.00040548 -0.000505671 -0.000547165 -0.000555537 -0.00054948 -0.000536684 -0.000515099 -0.000480416 -0.000432267 -0.000394132 -0.000369042 -0.000341061 -0.000305494 -0.000271303 -0.000255671 -0.000310953 -0.000354074 -0.000368135 -0.000362695 -0.000364084 
-0.000114449 -0.000178693 -0.000256104 -0.000344441 -0.000425511 -0.000490868 -0.000520368 -0.000528113 -0.000524423 -0.000516245 -0.000494216 -0.000463252 -0.000425495 -0.000381026 -0.000346588 -0.00031666 -0.000272711 -0.000237893 -0.000263544 -0.00031489 -0.000332522 -0.000326161 -0.000303774 -0.000259991 
-0.000157771 -0.000230214 -0.000302124 -0.000373998 -0.000422129 -0.000453649 -0.000470183 -0.000476942 -0.000475054 -0.000464269 -0.000450529 -0.000433995 -0.000413783 -0.000378232 -0.000341997 -0.000308896 -0.000270772 -0.000242226 -0.000267506 -0.000263852 -0.000259565 -0.000228789 -0.000210356 -0.000167537 
-0.000183912 -0.00024434 -0.000311226 -0.000365514 -0.000394897 -0.000413229 -0.000422621 -0.000429673 -0.000430173 -0.000419326 -0.000409869 -0.000400896 -0.000387128 -0.000369191 -0.000350049 -0.000317564 -0.00026611 -0.000239322 -0.000225978 -0.000199898 -0.000187418 -0.000202387 -0.000202797 -0.000177492 
-0.000183375 -0.000232718 -0.000288208 -0.000336968 -0.000354697 -0.000359738 -0.000363083 -0.000367636 -0.000370856 -0.000364109 -0.000360674 -0.000358751 -0.000356273 -0.000349573 -0.000338568 -0.00030683 -0.000247153 -0.000209495 -0.000174479 -0.000170981 -0.000182912 -0.000201087 -0.000198688 -0.000175413 
-0.000149455 -0.000196128 -0.000244098 -0.000276275 -0.000283073 -0.000284641 -0.0002981 -0.000305623 -0.000305989 -0.000306787 -0.000322645 -0.000338495 -0.000340691 -0.000337537 -0.000321805 -0.000282495 -0.000211914 -0.000148949 -0.000136964 -0.000162298 -0.000172683 -0.000181234 -0.000180463 -0.000153697 
-0.000106418 -0.000151099 -0.000193716 -0.000226901 -0.000249312 -0.000255839 -0.000259267 -0.000264643 -0.000267101 -0.000288638 -0.000321675 -0.000327315 -0.00033104 -0.000335021 -0.000307989 -0.000246743 -0.000168898 -0.000118107 -0.000147293 -0.00015668 -0.000167159 -0.00017321 -0.000163007 -0.000132054 
-8.72929e-05 -0.000129967 -0.000151624 -0.000186478 -0.000227523 -0.000261661 -0.000269061 -0.000278191 -0.00028625 -0.000301999 -0.000290559 -0.000274555 -0.000265021 -0.000275546 -0.000248081 -0.000188143 -0.000126842 -0.000147304 -0.000187266 -0.000192242 -0.000178897 -0.000164679 -0.000147507 -0.000121571 
-0.000189907 -0.000221097 -0.00026314 -0.000318457 -0.000347061 -0.000354347 -0.000347178 -0.000349132 -0.00036635 -0.000376256 -0.000338439 -0.000286247 -0.000249711 -0.000250163 -0.000241178 -0.000207205 -0.000194448 -0.000209075 -0.000235375 -0.000225079 -0.000201544 -0.00017956 -0.000150425 -0.000118306 
-0.000188357 -0.000209144 -0.000239174 -0.0002841 -0.000305936 -0.000311465 -0.000309587 -0.000312607 -0.000327655 -0.000328536 -0.000288461 -0.000237853 -0.000196289 -0.000189253 -0.000168201 -0.000159085 -0.000161463 -0.00017966 -0.000212591 -0.000216527 -0.000197453 -0.00017078 -0.000132945 -9.77532e-05 
-0.000101782 -0.000104807 -0.000120799 -0.00013127 -0.000120933 -0.000108526 -0.00010702 -0.000113938 -0.000129027 -0.000139119 -0.000123815 -8.42374e-05 -5.96073e-05 -5.64104e-05 -5.82172e-05 -5.63443e-05 -6.97806e-05 -0.000112984 -0.000145964 -0.00014679 -0.000138145 -0.000112041 -8.79587e-05 -6.33092e-05 
