-1.56632e-05 -2.0628e-05 -3.05673e-05 -5.71255e-05 -9.63319e-05 -0.00014271 -0.000134265 -0.000147842 -0.000180514 -0.000215697 -0.000249641 -0.000262242 -0.000246346 -0.000213947 -0.000175757 -0.000133041 -8.61291e-05 -4.58657e-05 -2.54297e-05 -2.39461e-05 -2.09437e-05 -1.48872e-05 -1.2032e-05 -1.0455e-05 
-2.72473e-05 -3.10449e-05 -5.16878e-05 -8.76812e-05 -0.000139597 -0.0001987 -0.000252342 -0.000269834 -0.000298734 -0.000347939 -0.000381182 -0.000388347 -0.000366275 -0.000333012 -0.000286889 -0.000242157 -0.000199845 -0.000153815 -9.35167e-05 -4.66466e-05 -2.74248e-05 -2.77726e-05 -2.55048e-05 -2.46756e-05 
-9.32614e-06 -1.32358e-05 -3.76735e-05 -8.46395e-05 -0.000128801 -0.00019018 -0.000230038 -0.000275851 -0.000327726 -0.000409543 -0.000490964 -0.000515394 -0.000523011 -0.000523227 -0.000475092 -0.000392152 -0.000299275 -0.000234806 -0.000184629 -0.000155169 -0.000127274 -0.000117587 -0.000115488 -0.00011097 
-3.3858e-05 -4.25691e-05 -4.95439e-05 -8.92872e-05 -0.000149794 -0.000214774 -0.000294962 -0.000396052 -0.000491617 -0.000579248 -0.000651036 -0.000700348 -0.00068197 -0.000645687 -0.000577816 -0.000522815 -0.000447506 -0.00034386 -0.000273315 -0.000229389 -0.00019661 -0.000152584 -0.000132266 -0.000116574 
-2.12616e-05 -2.60872e-05 -3.45739e-05 -8.30514e-05 -0.000151652 -0.000214359 -0.000282577 -0.000409496 -0.000556166 -0.000651237 -0.000692354 -0.00070987 -0.000708819 -0.000688115 -0.000660134 -0.00063332 -0.000582389 -0.000489524 -0.000405351 -0.000363565 -0.000326706 -0.000265013 -0.00020555 -0.00015828 
-1.08485e-05 -1.48715e-05 -2.52145e-05 -8.07616e-05 -0.000168086 -0.000247131 -0.000333329 -0.00042926 -0.000511807 -0.000581628 -0.000633175 -0.00068087 -0.000720299 -0.000721148 -0.000663549 -0.000681174 -0.000692346 -0.000631367 -0.000538145 -0.000475178 -0.000442753 -0.00037514 -0.000310385 -0.000249842 
-2.53374e-05 -3.52702e-05 -7.04913e-05 -0.000147015 -0.000234877 -0.000314875 -0.000421638 -0.000553097 -0.000663634 -0.000738481 -0.00077599 -0.000791043 -0.00077357 -0.00075355 -0.000745819 -0.000764509 -0.000741767 -0.000716399 -0.000653334 -0.000594486 -0.00053778 -0.000484626 -0.000405787 -0.000360827 
-3.02996e-05 -4.38482e-05 -7.2158e-05 -0.000147878 -0.00025289 -0.000393297 -0.000547953 -0.000705125 -0.000842496 -0.000908679 -0.000916541 -0.000884836 -0.000859939 -0.000841676 -0.000812084 -0.000772552 -0.00076005 -0.000707838 -0.000669732 -0.000599347 -0.000539784 -0.000498531 -0.000436928 -0.000357354 
-6.50356e-05 -7.9539e-05 -0.000111154 -0.000186332 -0.00032863 -0.000483893 -0.000623847 -0.000763447 -0.000922451 -0.000967476 -0.000962553 -0.000945349 -0.000932853 -0.000892175 -0.000840352 -0.000836578 -0.000758232 -0.000639921 -0.000624985 -0.000517826 -0.000402676 -0.000340311 -0.000294137 -0.000230415 
-8.19454e-05 -0.00010543 -0.000136356 -0.000204845 -0.000323558 -0.000446232 -0.000560743 -0.000698648 -0.000880516 -0.000999286 -0.00104523 -0.00106419 -0.00106003 -0.00102583 -0.000985852 -0.000963646 -0.000819307 -0.000707461 -0.000661526 -0.000549638 -0.000420989 -0.000315881 -0.000261228 -0.000213543 
-4.51911e-05 -6.58911e-05 -9.8701e-05 -0.000164003 -0.000261154 -0.00037003 -0.000511875 -0.000665269 -0.000826252 -0.00098733 -0.00110424 -0.00113298 -0.00111821 -0.00106674 -0.00100536 -0.000960739 -0.000893905 -0.000776309 -0.000705845 -0.000616232 -0.000477127 -0.00036693 -0.000275684 -0.00019215 
-2.34403e-05 -3.79164e-05 -6.18603e-05 -0.00011391 -0.000209396 -0.000327917 -0.000482474 -0.000639059 -0.000792348 -0.000964598 -0.00107004 -0.00109522 -0.00107616 -0.00102127 -0.000974806 -0.000939707 -0.000866441 -0.000814025 -0.000754685 -0.000675586 -0.000589087 -0.000474847 -0.00034668 -0.000231076 
-2.47178e-05 -5.41285e-05 -0.00010961 -0.000175061 -0.000294438 -0.000450083 -0.000601294 -0.00073376 -0.000905267 -0.0010344 -0.00108153 -0.00107099 -0.00103279 -0.000984107 -0.000924142 -0.000894303 -0.000834785 -0.000806188 -0.000774909 -0.000731034 -0.000691022 -0.000624287 -0.000523687 -0.000397138 
-6.93035e-05 -0.000111389 -0.000148401 -0.000231829 -0.000371116 -0.000523676 -0.000676893 -0.000799478 -0.000924267 -0.000993277 -0.000992629 -0.000992905 -0.000922263 -0.000859334 -0.000830335 -0.00081566 -0.000814452 -0.000824039 -0.000842445 -0.00083856 -0.0007992 -0.000717726 -0.000606108 -0.000491078 
-8.02922e-05 -0.000114826 -0.000201064 -0.000311426 -0.000434589 -0.000582691 -0.000708285 -0.00079222 -0.000854157 -0.000885799 -0.00086029 -0.00081074 -0.000753563 -0.000734 -0.000748702 -0.000757846 -0.000772858 -0.0007845 -0.000785351 -0.000773612 -0.000750028 -0.000683329 -0.000582752 -0.000473247 
-9.14535e-05 -0.00019236 -0.000278661 -0.000370211 -0.000480364 -0.000623354 -0.000690186 -0.00074666 -0.000748735 -0.000732963 -0.000720792 -0.000698135 -0.00068788 -0.00070013 -0.000713335 -0.000707906 -0.000682796 -0.000656144 -0.000638772 -0.00061841 -0.000582157 -0.000519478 -0.000435067 -0.000349195 
-0.000121452 -0.000209771 -0.000306363 -0.000419704 -0.000546714 -0.000638059 -0.000729194 -0.000754337 -0.000709058 -0.000701178 -0.000718585 -0.0007298 -0.000763007 -0.000766754 -0.000753548 -0.000723444 -0.000672697 -0.000624339 -0.000580337 -0.000543318 -0.000502512 -0.000434395 -0.000355517 -0.000278606 
-0.000158942 -0.000255595 -0.000370279 -0.000469493 -0.000588433 -0.000702694 -0.000786638 -0.000771617 -0.000754483 -0.000752682 -0.000747871 -0.000782046 -0.000757517 -0.000734436 -0.000705257 -0.000654754 -0.000591621 -0.000531101 -0.000489452 -0.000450421 -0.000408035 -0.000350433 -0.000282856 -0.000223154 
-0.000211833 -0.000324989 -0.000415317 -0.000530953 -0.00066262 -0.000788446 -0.000835543 -0.000832252 -0.000845729 -0.000789828 -0.000779501 -0.00075231 -0.000720081 -0.000682553 -0.00064704 -0.000604206 -0.00054562 -0.000485831 -0.000436382 -0.000392433 -0.000344437 -0.00028887 -0.000229921 -0.00017902 
-0.000264219 -0.000379397 -0.000495454 -0.000618193 -0.000705091 -0.000777898 -0.000801042 -0.000831964 -0.000815532 -0.00078994 -0.000751314 -0.000723798 -0.000688564 -0.000637036 -0.000592922 -0.000556003 -0.00052061 -0.000484905 -0.000451704 -0.000416508 -0.000364761 -0.000294208 -0.000223794 -0.000173871 
-0.0002822 -0.000420516 -0.000528225 -0.00060834 -0.000696669 -0.000734518 -0.000752862 -0.000743016 -0.000727332 -0.000670919 -0.000646118 -0.000623346 -0.000585441 -0.000530123 -0.000489167 -0.000454115 -0.000434654 -0.000420007 -0.000416409 -0.000404858 -0.000386617 -0.000341373 -0.000277385 -0.000223225 
-0.000316887 -0.000439674 -0.000540837 -0.000642177 -0.000697436 -0.000722838 -0.000722139 -0.000680956 -0.00059616 -0.000573735 -0.000584075 -0.000578082 -0.000553779 -0.000516697 -0.000484268 -0.000473431 -0.00048151 -0.000494856 -0.000506977 -0.000481495 -0.000456334 -0.000408704 -0.000344078 -0.000275292 
-0.000353265 -0.000459898 -0.000566838 -0.000646452 -0.000696821 -0.000718323 -0.000667698 -0.000582198 -0.000565353 -0.000566059 -0.000596361 -0.000603936 -0.000591453 -0.000562721 -0.000520047 -0.000499758 -0.000506801 -0.000463902 -0.000441772 -0.000439432 -0.000422164 -0.000374778 -0.000311305 -0.000245133 
-0.000356015 -0.000463199 -0.000540073 -0.000607089 -0.00064534 -0.000610201 -0.000541219 -0.000520051 -0.00051997 -0.000546216 -0.000560441 -0.000555073 -0.000541681 -0.000526747 -0.000525953 -0.0005191 -0.000478922 -0.000429292 -0.0004203 -0.000403121 -0.000378849 -0.000341356 -0.000286785 -0.000222868 
-0.000398663 -0.000483561 -0.000557449 -0.0005793 -0.000571717 -0.00053666 -0.000517502 -0.000530441 -0.000537718 -0.000550774 -0.000538615 -0.000526157 -0.000512401 -0.000509476 -0.000505075 -0.000501664 -0.000443078 -0.000411457 -0.000382761 -0.000345879 -0.000309932 -0.000273298 -0.000214634 -0.00015746 
-0.000414622 -0.000503179 -0.000548019 -0.000517442 -0.000495761 -0.00049929 -0.000532604 -0.000566255 -0.000578608 -0.000569495 -0.000552042 -0.000535309 -0.000527182 -0.000521775 -0.000518886 -0.000468034 -0.000412497 -0.000372865 -0.000335664 -0.000315071 -0.000283501 -0.000224157 -0.000181178 -0.000161171 
-0.000370327 -0.00043369 -0.00043553 -0.000446556 -0.000475506 -0.000536872 -0.000585423 -0.0006197 -0.00061227 -0.000595634 -0.000570997 -0.000545078 -0.000530885 -0.000525939 -0.00048722 -0.000428549 -0.000361746 -0.000315868 -0.000297825 -0.000282109 -0.000242 -0.000216259 -0.00019506 -0.000176094 
-0.000295348 -0.000335868 -0.000368949 -0.000425179 -0.000498482 -0.000575584 -0.000643585 -0.000638589 -0.000622465 -0.000604559 -0.000583203 -0.000554383 -0.000531961 -0.000519147 -0.000464658 -0.000399094 -0.000332262 -0.000300841 -0.000279705 -0.000247055 -0.000222164 -0.000206593 -0.000198956 -0.000186736 
-0.000258884 -0.000294263 -0.000361984 -0.000429989 -0.000530581 -0.000614507 -0.00064704 -0.000637495 -0.000624617 -0.00060662 -0.000583208 -0.00055102 -0.000516709 -0.000486296 -0.000446211 -0.000395081 -0.000333308 -0.000294841 -0.000263701 -0.000249068 -0.000253307 -0.000276224 -0.000278586 -0.000291225 
-0.000223454 -0.000282984 -0.000358278 -0.000447881 -0.000528077 -0.000588081 -0.000604564 -0.000608401 -0.000602037 -0.000586387 -0.000563201 -0.000531614 -0.000495717 -0.000464671 -0.000427625 -0.00038481 -0.000333402 -0.000302183 -0.000264165 -0.000277533 -0.000312882 -0.000328059 -0.00030089 -0.000267118 
-0.000224658 -0.000297825 -0.000380326 -0.000454642 -0.0005204 -0.000555342 -0.000571628 -0.000579448 -0.00057517 -0.000561828 -0.000541635 -0.000513645 -0.000481965 -0.000449421 -0.000414053 -0.000374276 -0.000334465 -0.000325264 -0.000295664 -0.000305268 -0.000337909 -0.000300159 -0.000268897 -0.00023542 
-0.000254531 -0.000319314 -0.000393759 -0.000465971 -0.000506967 -0.000529026 -0.000543938 -0.000549282 -0.000544387 -0.000533729 -0.000514722 -0.000490256 -0.000463486 -0.000436863 -0.000407029 -0.000375573 -0.000364067 -0.000360242 -0.000318287 -0.000325661 -0.000311814 -0.000315306 -0.000310892 -0.00027461 
-0.000276247 -0.000341845 -0.000411209 -0.000463662 -0.000490183 -0.000505438 -0.000513185 -0.000516704 -0.000512506 -0.000505499 -0.0004839 -0.000467609 -0.000449287 -0.000429227 -0.000405652 -0.000387182 -0.000396147 -0.000371203 -0.00032496 -0.00025588 -0.000222103 -0.000235731 -0.000223506 -0.000182127 
-0.000278556 -0.000343967 -0.00040529 -0.000452184 -0.00048485 -0.000504936 -0.000512741 -0.000517174 -0.000520241 -0.000522134 -0.000500118 -0.000475344 -0.000455422 -0.000435908 -0.000419352 -0.000414814 -0.000420137 -0.000392647 -0.000319895 -0.000221509 -0.00014934 -0.000114057 -9.00668e-05 -7.73152e-05 
-0.000306715 -0.000381875 -0.000455258 -0.000508074 -0.000528306 -0.000526563 -0.000520012 -0.000516686 -0.000515724 -0.000509414 -0.000495302 -0.000478339 -0.000470744 -0.000464316 -0.00045705 -0.000440841 -0.000428731 -0.000359528 -0.000287186 -0.000215887 -0.000153134 -0.000105412 -7.18428e-05 -5.71638e-05 
-0.000283088 -0.000367174 -0.000443955 -0.00048574 -0.000493309 -0.000480742 -0.000474911 -0.000472814 -0.00046653 -0.000457204 -0.000447256 -0.000436135 -0.000429801 -0.000419797 -0.000407653 -0.000398471 -0.000373986 -0.000302125 -0.000247192 -0.000183465 -0.000122184 -8.48034e-05 -5.51866e-05 -4.70811e-05 
-0.000212423 -0.000294737 -0.00035114 -0.000374588 -0.000351792 -0.000339542 -0.000346798 -0.000345558 -0.000344443 -0.000361511 -0.000373971 -0.000386381 -0.000389642 -0.00038162 -0.000366416 -0.000349223 -0.000285246 -0.000212611 -0.000203243 -0.000189638 -0.000147156 -0.000113055 -8.44194e-05 -7.09593e-05 
-0.00011331 -0.000173576 -0.000214846 -0.000225989 -0.000230465 -0.000238049 -0.000240033 -0.000241814 -0.000246559 -0.000262025 -0.000299395 -0.000309629 -0.000304958 -0.000301656 -0.000286439 -0.000261018 -0.000188739 -0.000157595 -0.000204464 -0.000223872 -0.00019665 -0.000164996 -0.000141028 -0.00010941 
-5.26828e-05 -9.67245e-05 -0.000130373 -0.000137712 -0.000137468 -0.000117577 -0.000123297 -0.000135664 -0.000150119 -0.00018772 -0.000224746 -0.000243295 -0.000264044 -0.000268242 -0.000250003 -0.000230307 -0.000217966 -0.000242107 -0.000266521 -0.000273338 -0.000236547 -0.000194165 -0.000149973 -0.000110057 
-9.96816e-05 -0.00012002 -0.00012331 -0.000128962 -0.000132534 -0.000152437 -0.000169716 -0.000179286 -0.000191616 -0.000207408 -0.000209677 -0.000202993 -0.00020342 -0.00019244 -0.000198574 -0.000206377 -0.000255885 -0.000264906 -0.000275311 -0.00026223 -0.00022328 -0.000181766 -0.000144522 -0.000104171 
