-4.85867e-05 -5.55084e-05 -5.24847e-05 -3.19144e-05 2.07471e-05 5.4403e-05 7.54134e-05 7.83065e-05 8.06701e-05 9.25966e-05 9.91913e-05 9.70523e-05 9.83358e-05 9.63014e-05 8.33417e-05 6.91855e-05 5.31052e-05 3.88796e-05 2.63714e-05 6.79909e-06 -4.47419e-06 -3.5445e-06 -7.51417e-07 3.07499e-06 
-5.0306e-06 -4.40885e-06 1.58267e-06 1.0414e-05 5.84181e-05 9.49685e-05 7.67408e-05 0.00010013 0.000125305 0.000146764 0.000169434 0.000184495 0.000184284 0.000159285 0.000126324 8.85963e-05 4.59828e-05 3.3136e-05 3.71618e-05 4.32979e-05 5.09077e-05 6.15048e-05 6.27762e-05 6.19454e-05 
2.74857e-05 3.40561e-05 3.8733e-05 2.14685e-05 7.20197e-06 1.67878e-05 3.0797e-05 5.07486e-05 7.46444e-05 0.000106151 0.000139673 0.000162855 0.000172043 0.000148949 0.000124938 0.000109416 8.95406e-05 5.89555e-05 2.6111e-05 1.70745e-05 2.71606e-05 2.9372e-05 2.19304e-05 2.00246e-05 
6.52381e-06 1.13114e-05 1.524e-05 -1.45152e-05 -3.79632e-05 -4.9781e-05 -6.89748e-05 -7.51321e-05 -6.91096e-05 -4.52092e-05 -1.72711e-05 4.02406e-05 9.29199e-05 0.000128365 0.000120529 0.000113156 0.000122378 8.76476e-05 5.36542e-05 3.46632e-06 -3.70764e-06 3.89093e-06 7.98394e-07 8.76332e-07 
-1.58939e-05 -9.67921e-06 -1.3752e-05 -1.89114e-05 -2.40234e-05 -3.37856e-05 -2.58459e-05 -5.82654e-06 2.53321e-05 6.79893e-05 0.000124483 0.000141868 0.000142776 0.000157292 0.0001637 0.00016344 0.00014453 0.000125602 7.24941e-05 -1.01428e-05 -4.86115e-05 -4.51643e-05 -2.59597e-05 -1.54233e-05 
-3.49706e-05 -3.41553e-05 -3.1417e-05 -1.83551e-05 -1.54533e-05 3.65283e-06 2.97256e-05 9.91665e-05 0.000169144 0.000270698 0.000339792 0.000376037 0.000353276 0.000286225 0.000207095 0.00014263 0.000118822 0.000101207 6.76018e-05 -2.85816e-05 -6.88283e-05 -5.96786e-05 -4.13633e-05 -2.38203e-05 
-3.10381e-05 -2.90794e-05 -3.08841e-05 -1.99912e-05 1.79368e-05 5.06627e-05 0.000123711 0.000176671 0.000187956 0.00020645 0.000211535 0.000232139 0.000241915 0.000205311 0.000146642 0.00010892 2.11175e-05 1.61819e-05 3.70575e-05 -2.07246e-05 -7.61953e-05 -6.96901e-05 -4.28988e-05 1.8165e-05 
-1.86909e-05 -1.89074e-05 -2.32155e-05 -5.79257e-06 2.19533e-05 8.20047e-05 0.000178556 0.000229596 0.000221181 0.000156692 6.89501e-05 6.13846e-05 8.51929e-05 5.15537e-05 1.29009e-05 -9.56592e-07 -4.4787e-05 -1.13312e-05 6.63495e-06 -7.3096e-06 1.74536e-05 1.16135e-05 3.91301e-05 4.09977e-05 
1.83059e-07 9.91754e-06 1.72753e-05 4.11181e-05 5.81778e-05 9.35045e-05 0.000158821 0.000201987 0.000197342 0.000146035 4.80772e-05 -2.75469e-05 -5.93295e-05 -8.81015e-05 -9.90993e-05 -8.48732e-05 -8.87075e-05 -3.9908e-05 5.29287e-06 1.17768e-05 9.72327e-06 -2.32024e-06 8.33484e-06 3.24409e-05 
1.19126e-05 2.01112e-05 3.50084e-05 9.18453e-05 0.000144702 0.000169494 0.000199316 0.000223136 0.0001706 0.00011502 3.99549e-05 -1.75284e-05 -2.7062e-05 -4.06707e-05 -2.69862e-05 5.7292e-05 9.4059e-05 0.000130701 0.000161703 0.000153554 0.000123744 0.000100715 7.51734e-05 4.02007e-05 
8.44071e-06 2.08511e-05 3.95555e-05 9.35013e-05 0.000136303 0.000154059 0.000183229 0.000215129 0.000199626 0.000123018 0.00010671 8.84399e-05 0.000101505 9.60808e-05 0.000113213 0.000169814 0.000230603 0.000288499 0.000319989 0.000308566 0.000266844 0.000233651 0.000201994 0.000150532 
4.93222e-07 2.87055e-06 3.35567e-06 1.58624e-05 3.02426e-05 3.4274e-05 7.61235e-05 0.000117879 0.000132046 0.000153802 0.000171704 0.000173467 0.000189102 0.000179914 0.000198641 0.00025709 0.000325123 0.000369601 0.000396292 0.000400883 0.000378351 0.000329508 0.000277123 0.000212644 
6.17616e-06 3.35144e-06 -1.33114e-05 3.03704e-05 8.00303e-05 0.000111349 0.000150583 0.000190302 0.000205131 0.000251674 0.000288416 0.000303766 0.000309764 0.000323601 0.000360839 0.000401311 0.000422201 0.000463596 0.000503587 0.000504704 0.000481357 0.000428157 0.000353434 0.000266482 
-6.44128e-06 1.97745e-05 7.86294e-05 9.50576e-05 9.7187e-05 7.32633e-05 9.17886e-05 0.000155276 0.000202828 0.000263664 0.000321455 0.000389886 0.00043933 0.000470654 0.000487513 0.000518603 0.000547608 0.000587913 0.000613735 0.000603742 0.000568049 0.000498007 0.000407389 0.000311157 
2.249e-05 4.8632e-05 2.94768e-05 -1.15247e-05 -2.60433e-05 -2.13914e-05 2.28276e-05 8.5965e-05 0.000109676 0.000221142 0.000356464 0.000463211 0.000532195 0.000545164 0.000562253 0.000596774 0.000636745 0.000669301 0.000685677 0.000687557 0.000657594 0.000587045 0.000484533 0.000372347 
1.13613e-05 -1.77834e-05 -4.67566e-05 -7.52248e-05 -5.51848e-05 -1.52342e-05 4.87102e-05 9.50959e-05 0.000152017 0.000286498 0.000425318 0.000516031 0.000533982 0.000537371 0.000546699 0.000562372 0.000579294 0.000598707 0.000601538 0.000612292 0.00061018 0.00056129 0.000479755 0.0003854 
-5.09602e-05 -8.20239e-05 -0.000104064 -0.000104466 -5.57189e-05 2.28874e-05 6.90787e-05 0.00013378 0.000256643 0.000388631 0.000494376 0.000531714 0.000515967 0.000495031 0.000482718 0.0004753 0.000468051 0.000466194 0.000470769 0.000467489 0.000443817 0.000394188 0.000328472 0.00025869 
-7.13779e-05 -0.000100399 -0.000114227 -0.000102229 -5.25273e-05 9.50427e-06 8.78594e-05 0.00021508 0.00033516 0.000449624 0.00054123 0.000534221 0.000469759 0.000405622 0.000383128 0.000344291 0.000307845 0.00029516 0.000308239 0.000323104 0.000318732 0.000294598 0.000253264 0.000208314 
-9.86976e-05 -0.000109205 -0.000132416 -0.000123989 -5.65181e-05 3.05174e-05 0.000193383 0.000340576 0.000439575 0.000524837 0.000527237 0.000399804 0.000297645 0.000229135 0.000193355 0.000158239 0.000122327 0.000112232 0.000127251 0.000142015 0.000145469 0.000136053 0.000122016 0.000106163 
-0.000104215 -0.00010739 -0.000112012 -6.19623e-05 5.40127e-05 0.00020687 0.000373608 0.000472483 0.000518507 0.000496795 0.000362456 0.000211007 0.000112596 6.16989e-05 4.14968e-05 1.76048e-05 8.6239e-07 2.44753e-05 5.06431e-05 6.16789e-05 6.50239e-05 6.54688e-05 6.01115e-05 5.05131e-05 
-9.11883e-05 -7.50375e-05 -1.58402e-05 6.85226e-05 0.000213531 0.000362781 0.00045513 0.000488991 0.000439517 0.000334584 0.000212652 7.5199e-05 -1.34661e-05 -7.64542e-05 -8.08424e-05 -5.67249e-05 -3.62825e-05 3.48766e-05 9.85152e-05 0.000142128 0.000144811 0.000133544 0.000118012 0.000105382 
-6.9127e-05 -7.36773e-06 5.26789e-05 0.000159095 0.00028983 0.000386439 0.000433277 0.000409742 0.00028072 0.00016159 6.57304e-05 -2.43764e-05 -8.67648e-05 -9.55144e-05 -5.90646e-05 2.24957e-05 0.000111527 0.00018795 0.00025181 0.000287172 0.000290674 0.000268073 0.000230897 0.000184991 
-8.51866e-06 6.65887e-05 0.000160846 0.000266526 0.000352463 0.000411937 0.000416916 0.000275111 0.000106242 1.42768e-05 -3.79481e-05 -7.71927e-05 -9.45305e-05 -8.24368e-05 -1.06752e-05 8.55757e-05 0.000182215 0.000256126 0.000309277 0.000312736 0.000301025 0.000272712 0.000231651 0.000185048 
8.17262e-05 0.000192503 0.000271493 0.000346912 0.000433326 0.000455241 0.000297231 0.00010508 -1.34723e-05 -4.28329e-05 -4.33862e-05 -5.32151e-05 -7.14394e-05 -5.14257e-05 3.83608e-05 0.000129262 0.000216 0.000278096 0.000295557 0.000298155 0.000276194 0.000236441 0.000192307 0.000144449 
0.00019338 0.000271653 0.000310217 0.000362824 0.000427301 0.000304037 0.000130978 1.00802e-05 -3.46321e-05 -4.71621e-05 -3.25802e-05 -3.04113e-05 -3.51948e-05 -1.5515e-05 4.31326e-05 0.000130799 0.000196762 0.000242444 0.000274431 0.000257259 0.000203485 0.000139518 8.71034e-05 3.89563e-05 
0.000252341 0.000296214 0.000311694 0.000330439 0.000278715 0.000159919 3.97741e-05 -1.32244e-06 6.25201e-06 1.72773e-06 -1.30247e-05 -2.64268e-05 -2.48426e-05 3.6154e-06 5.40464e-05 0.000107652 0.000174277 0.000215219 0.000208393 0.00014876 8.40976e-05 3.19996e-05 -8.22147e-06 -3.53264e-05 
0.00028444 0.00031255 0.000301248 0.000235413 0.000141044 4.82693e-05 3.73476e-05 3.13832e-05 3.47698e-05 2.43891e-05 1.07741e-05 -4.81547e-06 -8.03085e-06 2.57297e-05 7.3686e-05 0.000117376 0.000166196 0.00018366 0.00012527 3.0645e-05 -4.3379e-05 -7.59292e-05 -9.43181e-05 -0.000112961 
0.000288033 0.000294655 0.000237831 0.000153699 8.28272e-05 4.52559e-05 4.70602e-05 5.04945e-05 5.03948e-05 4.68742e-05 3.7999e-05 2.00371e-05 1.22923e-05 4.59414e-05 0.000101887 0.000130604 0.000162151 0.00014279 4.00459e-05 -6.50468e-05 -0.000108838 -0.000132815 -0.00014073 -0.000145319 
0.000251187 0.000213452 0.000166583 0.000105703 5.61788e-05 4.25168e-05 5.31435e-05 5.22634e-05 5.21454e-05 5.10507e-05 4.3848e-05 2.64809e-05 9.43519e-06 4.92576e-05 9.20835e-05 0.000118619 0.00012278 6.58203e-05 -3.76097e-05 -0.000113507 -0.000158258 -0.000168465 -0.000166063 -0.00013921 
0.000165013 0.000142422 0.000109872 6.26449e-05 4.60328e-05 3.84595e-05 4.14117e-05 3.6304e-05 3.71399e-05 4.06629e-05 3.64952e-05 2.38917e-05 1.37327e-05 3.26076e-05 5.51417e-05 7.24637e-05 6.24356e-05 -1.84154e-06 -7.80898e-05 -0.000138762 -0.000166677 -0.000163499 -0.00013828 -8.01631e-05 
8.02781e-05 6.65722e-05 5.61978e-05 4.99391e-05 2.56216e-05 2.47326e-05 2.63918e-05 2.2201e-05 2.04011e-05 2.47685e-05 2.5492e-05 2.04009e-05 8.82218e-06 5.87945e-06 1.48103e-05 1.61884e-05 -2.41338e-06 -3.71419e-05 -8.22019e-05 -0.000131987 -0.000133882 -7.90211e-05 -2.5952e-05 1.2334e-05 
3.16442e-05 2.86747e-05 2.46639e-05 2.9079e-05 2.26445e-05 1.75621e-05 1.72147e-05 1.72478e-05 1.3923e-05 1.5143e-05 1.53506e-05 7.83022e-06 -3.49408e-06 -1.31844e-05 -1.60319e-05 -2.68733e-05 -4.21271e-05 -7.52817e-05 -0.000109219 -0.00012836 -4.98422e-05 -1.5429e-06 2.87648e-05 4.76594e-05 
5.36371e-05 5.32158e-05 4.35401e-05 3.25089e-05 1.6141e-05 4.5444e-06 -4.80469e-06 -7.05417e-06 -1.48381e-05 -2.36554e-05 -2.11953e-05 -2.49616e-05 -2.952e-05 -3.21337e-05 -4.17102e-05 -4.96093e-05 -6.83875e-05 -0.000130447 -0.000169769 -0.000114316 -4.02302e-05 1.03671e-05 5.60609e-05 9.44849e-05 
5.33312e-05 4.40938e-05 2.61192e-05 2.10769e-06 -3.53877e-05 -6.71261e-05 -8.37561e-05 -9.17662e-05 -9.34264e-05 -8.66945e-05 -7.87912e-05 -7.29598e-05 -6.82734e-05 -6.67664e-05 -7.66044e-05 -8.35543e-05 -0.000116497 -0.000182908 -0.000172188 -9.66657e-05 -1.73724e-05 2.43297e-05 5.7799e-05 0.000114372 
-2.15795e-05 -2.44792e-05 -3.96666e-05 -7.61057e-05 -0.000118613 -0.000163816 -0.000182616 -0.000189139 -0.000188942 -0.000169588 -0.000137023 -0.000119451 -0.000111901 -0.000109557 -0.000115216 -0.000134008 -0.000196701 -0.000211515 -0.000164911 -8.94504e-05 -4.93655e-05 -3.63265e-05 -5.87402e-06 2.77842e-05 
-0.000125251 -0.000135178 -0.000164427 -0.000197851 -0.000222891 -0.000232064 -0.000232583 -0.000228558 -0.000221228 -0.000194374 -0.000160385 -0.000134011 -0.000123458 -0.00011502 -0.00013009 -0.000177401 -0.000223705 -0.000210404 -0.000148061 -0.000112381 -9.93905e-05 -8.78938e-05 -5.94911e-05 -2.16037e-05 
-0.000119093 -0.000137907 -0.000168388 -0.000197159 -0.000206668 -0.000204917 -0.000198698 -0.000193519 -0.000197566 -0.000188757 -0.00015697 -0.00013101 -0.000119526 -0.000109205 -0.000125907 -0.000178253 -0.000190389 -0.000156618 -0.000114824 -8.7681e-05 -8.2288e-05 -7.01361e-05 -3.99168e-05 -1.28875e-05 
-6.45407e-05 -7.49141e-05 -9.53749e-05 -0.000125396 -0.000137403 -0.000145579 -0.000146962 -0.000145634 -0.000148558 -0.000150623 -0.000145478 -0.000129745 -0.000117508 -0.000110043 -0.000117168 -0.000133032 -0.000135404 -8.66087e-05 -2.43806e-05 1.01444e-05 3.36774e-06 -4.88647e-06 9.26623e-06 2.10114e-05 
-1.9068e-05 -4.04536e-05 -6.316e-05 -8.73954e-05 -0.0001076 -9.7703e-05 -9.61453e-05 -9.54505e-05 -9.58578e-05 -9.53441e-05 -6.92669e-05 -4.3719e-05 -3.70142e-05 -3.34431e-05 -4.11391e-05 -5.97144e-05 -3.93977e-05 3.33295e-05 8.89967e-05 9.97566e-05 7.55033e-05 5.638e-05 5.14878e-05 5.05541e-05 
4.37186e-05 4.41892e-05 4.34312e-05 4.05442e-05 4.91543e-05 5.30013e-05 5.12838e-05 4.93908e-05 4.63193e-05 3.42766e-05 3.51026e-05 4.3544e-05 3.36479e-05 3.33655e-05 3.17827e-05 2.86116e-05 3.874e-05 7.63418e-05 0.000109105 0.000120457 0.000107164 0.000100754 9.73028e-05 8.31744e-05 
