-8.31337e-05 -9.40833e-05 -8.97038e-05 -7.20094e-05 -3.27119e-05 4.09359e-05 0.000117163 0.000144355 0.000152435 0.000166439 0.0001568 0.000134351 0.000128289 0.000120291 9.40036e-05 7.26615e-05 6.60882e-05 5.58715e-05 3.66444e-05 1.00047e-05 -3.31746e-06 -5.03382e-06 -8.75202e-07 2.70921e-06 
-6.17973e-05 -7.06897e-05 -6.65421e-05 -5.09092e-05 -9.63871e-06 8.38367e-05 0.000117991 0.000151041 0.000165874 0.000161486 0.000183381 0.000214241 0.000211723 0.000207637 0.00019364 0.000163747 0.000124693 7.17378e-05 4.08354e-05 6.62019e-05 8.29982e-05 7.78194e-05 7.30494e-05 7.41401e-05 
-9.12792e-05 -0.00010269 -0.000110839 -0.000123248 -0.000128798 -9.31225e-05 -5.52817e-05 -3.2799e-05 4.73855e-06 3.69462e-05 7.41478e-05 0.000124103 0.000177916 0.000211033 0.000225804 0.000203234 0.000173821 0.000135594 0.000116346 7.77084e-05 0.000115007 0.000132476 0.000123691 0.00011811 
-0.000110015 -0.000123664 -0.000137224 -0.000179707 -0.00020825 -0.000215022 -0.000219551 -0.000219108 -0.000169335 -0.000102386 -2.9767e-05 7.8824e-05 0.000202241 0.000283189 0.000294488 0.000267542 0.000266807 0.000218214 0.000159884 0.000121523 8.03684e-05 5.03915e-05 1.25876e-05 -4.48039e-06 
-9.11716e-05 -9.76347e-05 -0.000119268 -0.000143268 -0.000160862 -0.000173801 -0.00017755 -0.000185854 -0.000152049 -9.26866e-05 -3.38638e-05 2.84128e-05 0.000131289 0.000229651 0.000279821 0.000286006 0.000305767 0.00030385 0.000203334 6.46371e-05 -5.83142e-05 -0.000110862 -0.000119924 -0.000142519 
-7.3395e-05 -7.85944e-05 -9.71199e-05 -0.000127711 -0.000175692 -0.000174545 -0.000162579 -0.000148965 -0.000151569 -0.000110753 -6.12646e-05 8.34933e-06 8.08385e-05 0.000141176 0.000199049 0.000245004 0.000266731 0.000306467 0.000271147 8.81145e-05 -6.22036e-05 -0.000157861 -0.000182716 -0.000179954 
-4.88528e-05 -5.06942e-05 -7.39672e-05 -9.45579e-05 -0.000105554 -9.34462e-05 -7.53393e-05 -6.05411e-05 -0.000100348 -0.000118204 -0.000110308 -3.38139e-05 4.78812e-05 0.000125274 0.000226072 0.000311118 0.000237474 0.000318145 0.000293585 0.00017293 -1.77288e-05 -0.000149469 -0.000193781 -0.000231348 
-5.72217e-05 -6.41253e-05 -7.47522e-05 -8.57841e-05 -7.49253e-05 -3.36453e-05 -1.37488e-05 -3.50945e-05 -0.000109594 -0.000171048 -0.000246994 -0.000231066 -0.000146596 -6.48879e-06 0.000186408 0.000281079 0.000218338 0.000321019 0.00036176 0.000291393 0.000156409 -2.98408e-05 -0.000152783 -0.000217107 
-3.20893e-05 -3.74321e-05 -4.68616e-05 -4.95445e-05 -6.48252e-05 -9.02413e-05 -0.000129135 -0.000164054 -0.000182223 -0.000214012 -0.00025581 -0.00020982 -9.727e-05 5.72566e-05 0.000220274 0.000212995 0.000142999 0.000161512 0.000236606 0.000238593 0.000176062 6.34263e-05 -1.42527e-05 -0.000101482 
2.60779e-05 3.24785e-05 4.42932e-05 6.06546e-05 5.96175e-05 2.48479e-05 -5.27542e-05 -0.000127402 -0.000149082 -0.000113098 -4.85185e-05 4.7799e-05 0.000162554 0.000281375 0.000353714 0.000359556 0.000305083 0.000286026 0.000257272 0.000177194 0.000132374 0.00010831 6.78889e-05 4.7107e-07 
1.26133e-05 2.03463e-05 3.64753e-05 6.00715e-05 6.07828e-05 3.48884e-05 -2.21689e-05 -8.33345e-05 -7.33098e-05 2.3659e-05 0.000137757 0.000213801 0.000297273 0.000365561 0.000406732 0.000404851 0.000379025 0.000374868 0.000343716 0.000258947 0.000154311 0.000123489 9.56803e-05 4.74297e-05 
-9.47783e-06 -1.51198e-05 -1.1539e-05 3.35161e-05 5.51257e-05 2.9742e-05 -3.83492e-06 -4.47225e-05 -5.1925e-05 6.12617e-05 0.000127863 0.000169811 0.000237165 0.000296573 0.000347246 0.000390492 0.000385666 0.000377442 0.000343882 0.000293171 0.000242235 0.000191655 0.000167951 0.00013469 
1.2836e-06 4.83395e-06 2.43471e-05 5.35025e-05 6.56668e-05 7.40007e-05 3.89722e-05 4.57725e-05 0.000117195 0.000166551 0.000174986 0.000175772 0.000204963 0.000295241 0.000377137 0.000407784 0.000392184 0.000390612 0.000372366 0.000332189 0.00030769 0.000287386 0.00024915 0.000201034 
7.84959e-06 2.8333e-05 7.21426e-05 9.67657e-05 0.000118805 0.000105829 0.000121804 0.000149602 0.000189651 0.00019099 0.000199758 0.000215355 0.00026593 0.000332336 0.000365352 0.000382628 0.000405141 0.000453806 0.000459943 0.000441797 0.000409313 0.000361279 0.000296335 0.000229994 
3.17086e-05 7.75718e-05 9.23458e-05 0.000111358 0.000138409 0.000171928 0.00023282 0.000290993 0.000309099 0.000302747 0.000263371 0.000247984 0.000261241 0.000290069 0.000339702 0.000380676 0.000390983 0.000383129 0.000356751 0.000322239 0.000273669 0.000220797 0.000170564 0.000129243 
2.68371e-05 2.41816e-05 4.90836e-05 5.82414e-05 0.000140576 0.000267273 0.00036275 0.000383479 0.000366148 0.000328463 0.000320021 0.000301525 0.000295776 0.000309429 0.000297071 0.000271105 0.000245035 0.000216221 0.000183738 0.000146156 0.000105548 5.7224e-05 2.55345e-05 9.3505e-06 
-1.31204e-05 5.88123e-06 1.66331e-05 9.85764e-05 0.000240245 0.00035754 0.000378237 0.00034927 0.000324719 0.000348328 0.0003673 0.000294706 0.000194444 0.000132308 7.60365e-05 2.17852e-05 -2.62121e-05 -5.95405e-05 -8.36566e-05 -0.000111337 -0.000137353 -0.000152464 -0.000142864 -0.000124445 
6.21324e-05 7.65767e-05 0.000144118 0.000232443 0.000344617 0.000384332 0.000356435 0.000350974 0.000356659 0.000371219 0.00031105 0.000183651 7.67646e-05 -2.7409e-05 -0.000109628 -0.000189649 -0.000247979 -0.000279257 -0.000292426 -0.000289037 -0.00028054 -0.000254591 -0.000211793 -0.000166726 
9.94076e-05 0.000177618 0.000232515 0.000283688 0.000318612 0.000301713 0.000311683 0.000291258 0.000312761 0.000273213 0.000142011 -1.32874e-05 -0.00016813 -0.000251282 -0.000323316 -0.000395369 -0.000456822 -0.000493211 -0.000501758 -0.000487072 -0.000448345 -0.000375465 -0.000286484 -0.000210039 
0.000154492 0.000238425 0.000254656 0.000224692 0.000214804 0.000200169 0.00018046 0.000209712 0.000150442 5.02508e-05 -0.000104379 -0.000258571 -0.000336384 -0.000370463 -0.000424044 -0.000502635 -0.000571567 -0.000593732 -0.000577147 -0.000548314 -0.000508536 -0.000438861 -0.00035366 -0.000275385 
0.0001325 0.000198929 0.000166156 0.00016553 0.000142411 0.000119549 0.00013419 9.33349e-05 -4.23338e-05 -0.000208013 -0.000328044 -0.000431195 -0.00050649 -0.000558087 -0.000619601 -0.00067998 -0.000746123 -0.000786773 -0.000774868 -0.000740335 -0.000667728 -0.000566078 -0.000447742 -0.000346224 
9.59077e-05 0.000106574 0.000112407 8.06756e-05 6.66354e-05 4.64057e-05 2.51587e-05 -0.00010181 -0.000297318 -0.000421466 -0.00049091 -0.000561131 -0.00058209 -0.00061932 -0.000689764 -0.000773979 -0.000842123 -0.000853381 -0.000824519 -0.000794657 -0.000741603 -0.00065675 -0.000542922 -0.000431358 
0.000116622 0.000132407 0.000109488 8.06474e-05 1.06177e-05 2.28095e-06 -0.000116538 -0.000343593 -0.000537858 -0.000595377 -0.000663655 -0.000669636 -0.000650665 -0.000654969 -0.000700437 -0.00076621 -0.000805959 -0.000816564 -0.000809866 -0.000772969 -0.000719891 -0.000635159 -0.000517473 -0.000400104 
9.8346e-05 0.000108518 9.09466e-05 5.85366e-05 5.67841e-05 -1.96852e-05 -0.000308429 -0.000604029 -0.000728012 -0.000808956 -0.000809436 -0.000778697 -0.000734437 -0.000719649 -0.000746339 -0.000762716 -0.000793179 -0.000794203 -0.00073915 -0.000692917 -0.000654183 -0.000584624 -0.000488447 -0.000383411 
8.57645e-05 9.19226e-05 5.23986e-05 7.25495e-05 2.14391e-05 -0.00022104 -0.000540279 -0.000761636 -0.000889909 -0.000910281 -0.000890864 -0.000845369 -0.000779468 -0.000754701 -0.000758544 -0.000758621 -0.000754306 -0.000700546 -0.0006644 -0.000628837 -0.000577327 -0.000514301 -0.000429283 -0.000344107 
9.00645e-05 6.50056e-05 4.36077e-05 -2.83315e-05 -0.000219737 -0.000455667 -0.000737101 -0.000912131 -0.000952634 -0.00090794 -0.000862045 -0.000819764 -0.000772605 -0.000745749 -0.0007533 -0.000739756 -0.000702692 -0.000644102 -0.000599192 -0.000569035 -0.000555207 -0.000521969 -0.000442229 -0.000367589 
7.42903e-05 5.41581e-05 8.32242e-08 -0.000172461 -0.000392894 -0.00066997 -0.000860999 -0.000923559 -0.000903881 -0.000852435 -0.000804426 -0.000775026 -0.000742785 -0.000716807 -0.000698086 -0.000670765 -0.00063519 -0.000603387 -0.000544498 -0.000508825 -0.000489973 -0.000448827 -0.000394098 -0.000329821 
3.36283e-05 -5.04321e-06 -0.000113556 -0.000278446 -0.000528252 -0.000754418 -0.000850439 -0.000859686 -0.000837973 -0.000796589 -0.000756404 -0.000729161 -0.000720484 -0.000712491 -0.000689464 -0.00066004 -0.000616107 -0.000584167 -0.000500566 -0.000473508 -0.000456417 -0.000393375 -0.000323099 -0.00025319 
-4.55682e-05 -0.000111042 -0.000210019 -0.00040312 -0.000660784 -0.000823442 -0.000832623 -0.000818472 -0.000804221 -0.000784602 -0.000758912 -0.000727466 -0.000704275 -0.000709684 -0.000704787 -0.000662723 -0.000602124 -0.000536332 -0.000467307 -0.000466166 -0.000399194 -0.00034421 -0.000302472 -0.000202937 
-0.000188441 -0.000278896 -0.000402246 -0.000600723 -0.000772288 -0.000820288 -0.000804304 -0.000782693 -0.00076684 -0.000760833 -0.000747037 -0.000716556 -0.000685897 -0.000682944 -0.000670159 -0.000624582 -0.000552354 -0.000491545 -0.000442763 -0.000388424 -0.000325624 -0.000283582 -0.000215077 -0.000111424 
-0.000355424 -0.000494985 -0.000626528 -0.000751034 -0.000808304 -0.000798115 -0.000777434 -0.000759266 -0.000742752 -0.000733786 -0.000724046 -0.000691637 -0.00065965 -0.000632351 -0.000588138 -0.000527735 -0.000453646 -0.000406909 -0.000396475 -0.000315006 -0.000226691 -0.000160155 -9.72652e-05 -2.81487e-05 
-0.000471367 -0.000608571 -0.000718966 -0.000788291 -0.000789295 -0.000780745 -0.000761727 -0.000748712 -0.000739938 -0.000731837 -0.000718894 -0.000682238 -0.000636181 -0.00059036 -0.000533526 -0.000470532 -0.000417678 -0.000391491 -0.000365552 -0.000308973 -0.000184575 -8.29314e-05 -3.16137e-05 -1.77792e-05 
-0.000498845 -0.000641864 -0.000734613 -0.000772802 -0.000767435 -0.000756562 -0.00074564 -0.000734587 -0.000732907 -0.000731315 -0.000709356 -0.00067273 -0.00062683 -0.000576579 -0.000525751 -0.000468833 -0.000413241 -0.000400652 -0.000380683 -0.000237977 -0.00010257 -3.62774e-05 1.39665e-05 3.6664e-05 
-0.00052033 -0.000620144 -0.000697544 -0.000732617 -0.000731107 -0.000718052 -0.000712913 -0.000708341 -0.000708198 -0.000717802 -0.000703886 -0.000673081 -0.000638708 -0.00059407 -0.000544314 -0.000484302 -0.000438178 -0.000427376 -0.000314113 -0.000165568 -7.13834e-05 -3.08201e-05 1.2404e-05 5.06228e-05 
-0.000464467 -0.000560944 -0.000646349 -0.000688406 -0.000682076 -0.000662046 -0.000657889 -0.000659377 -0.00066061 -0.000660141 -0.000651679 -0.000648203 -0.000640792 -0.000603263 -0.000554674 -0.000499419 -0.000487165 -0.000378963 -0.000204834 -0.000103427 -5.64465e-05 -9.70391e-06 2.51115e-05 5.89645e-05 
-0.000331361 -0.000421454 -0.000507427 -0.000565685 -0.000623883 -0.0006584 -0.000667445 -0.000664872 -0.000655221 -0.000626782 -0.000585079 -0.000577509 -0.000568427 -0.000534317 -0.000481525 -0.000435943 -0.000390422 -0.000244151 -0.000116032 -5.09575e-05 -1.02015e-05 8.00619e-06 3.4662e-05 4.71556e-05 
-0.000225344 -0.000305411 -0.000373318 -0.000430072 -0.000476393 -0.000497805 -0.000509641 -0.000511477 -0.000512069 -0.000513823 -0.000486141 -0.000454612 -0.000418645 -0.000379497 -0.000332915 -0.000296522 -0.00021521 -7.90709e-05 -7.39119e-06 4.41425e-05 5.15682e-05 4.27744e-05 5.16355e-05 6.17716e-05 
-0.000124742 -0.000183202 -0.000248537 -0.00032548 -0.000379306 -0.00039083 -0.000393544 -0.000400546 -0.000406903 -0.000405204 -0.000380473 -0.000340252 -0.000309121 -0.000282979 -0.000250769 -0.000192454 -0.000110249 -2.35649e-05 3.14096e-05 6.89897e-05 6.84143e-05 5.23812e-05 5.53245e-05 5.93487e-05 
-5.40694e-05 -8.56656e-05 -0.000119137 -0.00016692 -0.000224497 -0.000246897 -0.00024979 -0.000250122 -0.000253346 -0.000257412 -0.000250553 -0.000217204 -0.000195962 -0.00017364 -0.000118207 -7.30934e-05 -1.33104e-05 3.16371e-05 5.46501e-05 6.79305e-05 6.53685e-05 6.42902e-05 4.95678e-05 4.17655e-05 
-4.28091e-05 -7.12298e-05 -0.000102713 -0.000120035 -0.00014118 -0.000149128 -0.000147743 -0.000144675 -0.000138571 -0.000144808 -0.00017092 -0.000195714 -0.000205517 -0.000193526 -0.000137716 -7.52075e-05 -2.01435e-05 1.58731e-05 3.87687e-05 5.06472e-05 6.09256e-05 5.64988e-05 4.8969e-05 3.91889e-05 
