0.000138708 0.000158037 0.000160592 0.000159968 0.000195788 0.000245727 0.000284978 0.000247725 0.000208708 0.000210405 0.000215947 0.000199802 0.000168572 0.000142113 0.000127827 0.000117765 0.000115737 0.000114371 0.00010476 8.27704e-05 5.45052e-05 4.06592e-05 3.53918e-05 3.08454e-05 
0.000132594 0.000152922 0.000153653 0.000165401 0.000217446 0.00023505 0.000234453 0.00025809 0.000303725 0.000410407 0.000519886 0.000571373 0.000574688 0.000539856 0.000479927 0.000394815 0.000286914 0.000184791 0.000139744 0.000165168 0.000153006 0.000133384 0.000118679 0.000104539 
0.000137397 0.000151575 0.000179911 0.000201121 0.000206369 0.000238235 0.000314853 0.000423843 0.000536844 0.000694957 0.000810634 0.000874314 0.000911755 0.000831883 0.000722259 0.000599507 0.000467245 0.000344146 0.000214691 0.000135211 0.000130005 0.000101741 8.72727e-05 7.43305e-05 
0.000185779 0.000209042 0.000249398 0.000310318 0.00037606 0.000430423 0.000567562 0.000774467 0.000883882 0.000977001 0.00102046 0.000993729 0.000976386 0.000966773 0.000948285 0.000880082 0.000678387 0.000475214 0.000370905 0.000298814 0.000260016 0.000218344 0.000174076 0.000163985 
0.000200131 0.000237804 0.000295016 0.000366995 0.000469759 0.000606349 0.00077114 0.000934426 0.00105548 0.0011241 0.00113369 0.00106464 0.000961305 0.000914246 0.000914553 0.00090293 0.000805016 0.000624131 0.00054803 0.000520876 0.000418605 0.000320825 0.00021928 0.000168154 
0.000152997 0.000179514 0.000225408 0.000294583 0.000381338 0.000434255 0.00052953 0.000629744 0.000737279 0.000844058 0.000914768 0.000966444 0.000972733 0.000931375 0.000906434 0.000913801 0.000892079 0.000775481 0.000699647 0.000808092 0.000767202 0.000656012 0.000496546 0.000359959 
9.37596e-05 0.00010301 0.000114915 0.000190536 0.000264014 0.000319548 0.000429515 0.000517314 0.000641151 0.000811849 0.000925024 0.000966542 0.000976607 0.00101252 0.00111626 0.00117053 0.0010966 0.000953366 0.000872452 0.000915809 0.00094802 0.000878246 0.000731918 0.000564219 
7.99155e-05 9.66407e-05 0.000119344 0.000136151 0.000180584 0.000291417 0.000417398 0.000509112 0.000700026 0.00089558 0.00103597 0.00106362 0.00111296 0.00115881 0.00130037 0.00129798 0.00114328 0.00099431 0.00097762 0.00106282 0.00105467 0.000915106 0.000697087 0.000527091 
8.86955e-05 0.000109032 0.00012847 0.000163044 0.000208634 0.000262164 0.000351418 0.000431323 0.000489542 0.00069462 0.000893989 0.00095887 0.00101341 0.00110179 0.00117755 0.00122749 0.0010202 0.000860804 0.000852914 0.000984922 0.00107064 0.00101841 0.000888622 0.000660832 
4.92822e-05 6.0958e-05 6.49504e-05 0.000105739 0.000152553 0.00020556 0.000301524 0.000360114 0.000389995 0.000508219 0.000694378 0.000862835 0.000960888 0.00100432 0.00107206 0.0012292 0.00114204 0.000991637 0.000892932 0.000915647 0.000985466 0.000943882 0.000859094 0.000687567 
3.58131e-05 4.50932e-05 3.96711e-05 4.54322e-05 9.29463e-05 0.000190914 0.000341639 0.000464925 0.000486261 0.000597514 0.000735355 0.000910798 0.00100292 0.00103552 0.0010918 0.0012374 0.00133103 0.00134239 0.0012805 0.00117952 0.0010878 0.000997045 0.000837386 0.000699604 
1.91565e-05 3.63618e-05 3.70114e-05 3.54627e-05 5.72361e-05 0.000158533 0.000318807 0.000489134 0.000603795 0.000686914 0.000807644 0.000979218 0.00107338 0.00113471 0.00124416 0.00139939 0.00154181 0.00151838 0.00142819 0.00136046 0.00124404 0.0010463 0.000865887 0.000697482 
2.75676e-05 2.8215e-05 5.88852e-05 0.000107033 0.000215848 0.00036465 0.000535294 0.000710755 0.000900892 0.0009634 0.00101721 0.00112353 0.00119778 0.00130356 0.00141419 0.00148695 0.00148193 0.00139801 0.00128293 0.00120778 0.00114202 0.00101547 0.000838988 0.000659727 
1.87953e-05 4.67317e-05 0.000148271 0.000244855 0.000367974 0.0005973 0.000758436 0.000887915 0.00100244 0.00101648 0.00102275 0.00118862 0.00132105 0.00138214 0.0013476 0.00127178 0.00118653 0.00112248 0.00106843 0.00101523 0.000951133 0.000840433 0.000688365 0.000538279 
1.8122e-05 9.57423e-05 0.0001722 0.00036118 0.000549777 0.000740758 0.000882134 0.00092663 0.000954383 0.000946189 0.0010509 0.00121627 0.00124513 0.0012097 0.00116843 0.00110812 0.00102937 0.000929333 0.000838964 0.000747653 0.000642446 0.000528199 0.00040837 0.000304831 
0.000139787 0.000253886 0.000452205 0.00062855 0.000783097 0.000893794 0.000955765 0.00095812 0.000950086 0.000975075 0.00110088 0.00108682 0.00108196 0.00101636 0.000912009 0.000840354 0.000759697 0.000676304 0.000589624 0.000495481 0.000415418 0.0003561 0.000286686 0.000219701 
0.000274217 0.000477124 0.000633854 0.000756113 0.00087767 0.000969748 0.000983597 0.000976404 0.000990366 0.00107953 0.00102984 0.000904873 0.000749633 0.000626406 0.000541468 0.000474429 0.000410993 0.000347002 0.000282524 0.000233952 0.000192694 0.000157658 0.00012628 0.000101063 
0.000337025 0.000477749 0.000588459 0.000670366 0.000827514 0.000941233 0.000976586 0.00100996 0.00107415 0.00100851 0.000760225 0.000496086 0.000303878 0.000226042 0.000169831 0.0001189 7.40855e-05 4.08426e-05 1.97245e-05 5.66665e-06 -5.45124e-06 9.93905e-06 2.30416e-05 3.09291e-05 
0.00035384 0.000470279 0.000529651 0.000664683 0.0008538 0.000926282 0.000981768 0.00101923 0.000990779 0.000742426 0.000442972 0.000191428 3.85785e-05 -4.32582e-05 -9.81974e-05 -0.000138048 -0.000144948 -0.000114655 -7.97326e-05 -5.67581e-05 -4.16992e-05 -2.52362e-05 -7.74495e-06 5.42264e-06 
0.000370881 0.000489746 0.000612501 0.000741729 0.000868699 0.000973759 0.00103588 0.00100696 0.000734439 0.000463016 0.000172946 -0.000113573 -0.000246222 -0.000290695 -0.00027336 -0.000228782 -0.000166415 -4.76292e-05 3.80404e-05 5.84261e-05 5.03547e-05 4.09322e-05 3.83053e-05 3.2807e-05 
0.000412416 0.000572723 0.000778164 0.000954585 0.0010667 0.00111005 0.00110088 0.000781613 0.000442446 0.000204221 -0.00011102 -0.000266154 -0.000263375 -0.000240096 -0.000162766 -5.74081e-05 4.24427e-05 0.000127295 0.000177009 0.000183979 0.000148936 0.000111564 8.20951e-05 6.97511e-05 
0.000472215 0.000720795 0.000938839 0.00113858 0.00124211 0.0011763 0.000883002 0.000484006 0.000231812 -2.06859e-05 -0.000217005 -0.000225165 -0.000195259 -9.94551e-05 2.58028e-05 0.000134888 0.000202746 0.000232567 0.000225274 0.000214472 0.000180922 0.000143717 0.000113641 8.97366e-05 
0.000619006 0.000890457 0.0011064 0.00120858 0.00109931 0.000920452 0.000559377 0.000255151 2.88466e-05 -0.000166007 -0.000212141 -0.000165846 -0.000131056 -7.27206e-05 2.00628e-05 0.000119121 0.000208903 0.00026273 0.000303401 0.000300967 0.000268378 0.00022594 0.000179704 0.000138729 
0.000716367 0.000941056 0.00104492 0.000969339 0.000820331 0.000527645 0.00022721 2.0791e-07 -0.000135521 -0.000116209 -5.57812e-05 -2.44273e-05 -2.37432e-05 -4.70007e-06 4.68112e-05 0.000104839 0.000170003 0.000214308 0.000222068 0.000200318 0.000202944 0.000179842 0.000146701 0.000113866 
0.000806833 0.000927624 0.000850078 0.000686106 0.000425081 0.000170434 -5.73034e-05 -0.000115642 -8.62577e-06 6.25311e-05 0.000113728 0.000113675 8.8194e-05 7.12378e-05 8.17318e-05 0.000105047 0.000153152 0.000164687 0.000187302 0.000180294 0.000143124 0.00010177 6.64139e-05 4.21931e-05 
0.00074779 0.000697427 0.000583123 0.000382667 0.000183502 -5.14442e-05 -6.34847e-05 5.97179e-05 0.000146117 0.000176447 0.000184584 0.000177594 0.00015091 0.000145587 0.000167034 0.000177307 0.000180616 0.000187619 0.000187756 0.000138761 9.9583e-05 8.974e-05 7.19261e-05 7.7169e-05 
0.000505473 0.000438238 0.000331477 0.000191731 1.22262e-06 -9.4699e-05 6.11749e-05 0.000157629 0.000192181 0.000194002 0.000186757 0.000178444 0.00016331 0.000174842 0.000196006 0.000193231 0.000189438 0.000200963 0.000157028 0.000108375 8.17227e-05 8.33935e-05 0.000100119 0.000101514 
0.00029087 0.000227696 0.000146761 9.63243e-06 -0.000121924 -1.72795e-06 0.00010764 0.000175646 0.000188584 0.000171665 0.000155647 0.000161351 0.00017554 0.000196053 0.000208496 0.0001975 0.000178486 0.000173807 9.38338e-05 4.81816e-05 7.75443e-05 5.46918e-05 2.29362e-05 2.09782e-05 
0.00010362 3.90999e-05 -3.84988e-05 -0.000121085 -4.39798e-05 9.56949e-05 0.000177936 0.000199697 0.000197502 0.000188915 0.000177441 0.000172059 0.000172766 0.000204138 0.000197688 0.000179547 0.000138509 9.62331e-05 3.07255e-05 5.23192e-05 -9.53234e-08 -4.67942e-05 -2.65208e-05 7.79025e-06 
1.80207e-05 -2.28026e-05 -8.24751e-05 -3.89049e-05 7.06271e-05 0.000170206 0.000213728 0.000213034 0.000202697 0.000200495 0.000196034 0.000188104 0.000190833 0.000197073 0.00018069 0.000161559 0.000107076 3.36721e-05 3.2081e-06 -1.95571e-05 -0.00012003 -0.000107247 -2.77808e-05 4.54405e-05 
-2.30731e-06 8.20611e-06 4.25331e-05 0.000104667 0.000159229 0.000217078 0.000222735 0.000218125 0.000216368 0.000219689 0.00021642 0.000213171 0.000223236 0.000210773 0.000179878 0.000145243 8.05561e-05 2.93133e-05 -1.43442e-05 -5.5677e-05 -0.000117811 -6.78584e-05 -1.12188e-05 2.68067e-05 
0.000117193 0.000144997 0.000160903 0.000189536 0.000204368 0.000220438 0.00020606 0.00020091 0.0002075 0.000218981 0.000231801 0.000234785 0.000235564 0.000214775 0.000181326 0.000128852 6.92847e-05 3.67819e-05 3.44459e-05 4.84836e-05 3.48905e-05 -1.47681e-05 -1.87817e-05 9.26863e-06 
0.000151986 0.000194494 0.00021283 0.000219947 0.000212836 0.000192361 0.000168893 0.000159935 0.000173162 0.000196082 0.000203016 0.000206258 0.000196349 0.000178377 0.000139619 7.97141e-05 2.85003e-05 3.68963e-05 0.000131623 0.000184366 0.000159848 0.00022232 0.000280759 0.000275777 
0.000126819 0.000141708 0.000154598 0.000161591 0.000140321 0.000114103 0.000106699 0.000108129 0.000112785 0.000126058 0.000139302 0.000143349 0.000140702 0.000123152 9.38312e-05 4.73589e-05 1.85288e-05 9.09154e-05 0.00016154 0.000212084 0.000320015 0.000416737 0.000465569 0.000388645 
3.46003e-05 5.9271e-05 7.53391e-05 5.84887e-05 2.8544e-05 -5.93358e-06 3.12554e-06 1.29057e-05 2.17949e-05 4.96295e-05 9.10936e-05 0.000129419 0.000146345 0.000125716 7.21357e-05 1.63033e-05 1.33685e-06 6.83474e-05 7.66552e-05 0.00020166 0.000366826 0.000443982 0.00043644 0.000333349 
-2.23052e-05 -3.1352e-05 -4.55911e-05 -4.50963e-05 1.9628e-05 6.26957e-05 6.79789e-05 6.07835e-05 5.30205e-05 5.45538e-05 6.77351e-05 9.391e-05 0.000111245 0.000107 4.57312e-05 -4.20573e-05 -2.00799e-06 -4.02189e-07 4.64354e-05 0.000135823 0.000229936 0.000288177 0.000280317 0.000200632 
-9.95724e-05 -0.000102484 -0.000127417 -0.000133042 -0.000101606 -6.10606e-05 -4.65005e-05 -4.82148e-05 -4.88904e-05 -3.78571e-05 -2.31567e-05 -3.85206e-06 3.37908e-06 2.30821e-06 -5.39462e-05 -0.000119404 -0.000139256 -0.000130427 -1.44878e-05 9.73695e-05 0.000132677 0.00014918 0.000157001 0.000123615 
-0.000143629 -0.000176583 -0.000178912 -0.000145588 -7.86047e-05 -3.27339e-05 -2.57611e-05 -2.72893e-05 -3.15814e-05 -7.48399e-05 -0.000129746 -0.000166138 -0.000177777 -0.00017973 -0.00018654 -0.000197129 -0.000124947 1.75781e-05 9.99684e-05 0.000122013 0.000127397 0.000133533 0.00012677 0.000103917 
-0.00011872 -0.000181392 -0.000193181 -0.000140425 -5.95311e-05 2.61492e-05 4.63303e-05 4.79187e-05 3.38786e-05 -5.31112e-05 -0.000170299 -0.000212002 -0.000228586 -0.000231159 -0.000228531 -0.000139891 -2.65706e-05 8.49771e-05 0.000138634 0.000142476 0.00014952 0.000179612 0.000174332 0.000142576 
-8.23349e-05 -0.000111915 -0.000115036 -8.42527e-05 -4.12758e-06 5.32733e-05 6.29016e-05 6.18085e-05 5.66401e-05 5.93538e-06 -5.00587e-05 -7.50783e-05 -8.6322e-05 -7.70996e-05 -8.44901e-05 -7.28379e-05 -3.27475e-05 2.74499e-05 6.81932e-05 7.43429e-05 7.72739e-05 8.83072e-05 8.62197e-05 6.70012e-05 
