-7.40451e-06 -9.66301e-06 -1.39597e-05 -3.73616e-05 -8.4007e-05 -0.000106688 -0.000111018 -9.52281e-05 -0.000105119 -0.00014196 -0.000186953 -0.000214727 -0.000213516 -0.000183617 -0.000142428 -0.000101122 -5.59721e-05 -2.3172e-05 -1.44307e-05 -2.37376e-05 -2.18027e-05 -1.9189e-05 -1.62405e-05 -1.27084e-05 
-3.91886e-05 -4.51881e-05 -5.44452e-05 -7.24584e-05 -0.000124287 -0.000156545 -0.000163944 -0.000178002 -0.000202104 -0.000236834 -0.000264809 -0.000290417 -0.000297954 -0.000291827 -0.000257871 -0.00020086 -0.000149536 -0.000111816 -6.86965e-05 -2.96628e-05 -2.14432e-05 -2.45747e-05 -2.2992e-05 -2.00694e-05 
-7.20565e-05 -8.39739e-05 -9.48584e-05 -0.000100361 -0.000111383 -0.000159336 -0.000184255 -0.00020145 -0.00023016 -0.00026539 -0.000299599 -0.00029294 -0.000316354 -0.000328307 -0.000315648 -0.000289237 -0.000257666 -0.000200001 -0.000142101 -0.000102014 -8.05169e-05 -8.79309e-05 -8.29503e-05 -7.52515e-05 
-9.05956e-05 -0.000108371 -0.000121279 -0.000142366 -0.00016223 -0.000189793 -0.000240296 -0.000291125 -0.000370943 -0.00047157 -0.000582833 -0.000660409 -0.000644033 -0.000585613 -0.000487753 -0.000404536 -0.000330805 -0.00029422 -0.000239 -0.00015978 -0.000121412 -9.95336e-05 -8.14236e-05 -6.25168e-05 
-9.00869e-05 -0.00010311 -0.000110282 -0.000104918 -8.66872e-05 -0.000140955 -0.000212703 -0.000311643 -0.000428038 -0.000561589 -0.000693665 -0.000803692 -0.000796724 -0.000721938 -0.000635378 -0.000566167 -0.00047122 -0.000395564 -0.000332192 -0.000247855 -0.000171826 -0.000121376 -9.40963e-05 -7.29296e-05 
-5.95581e-05 -6.93251e-05 -6.37697e-05 -3.99342e-05 -3.46587e-05 -6.95767e-05 -0.000150993 -0.000243195 -0.000303896 -0.000408302 -0.000546444 -0.000663715 -0.000698015 -0.000682238 -0.000638722 -0.000580098 -0.000557029 -0.000488673 -0.000439912 -0.000370044 -0.000323743 -0.000293465 -0.000267921 -0.000234533 
-6.06659e-05 -7.36223e-05 -8.70866e-05 -7.35175e-05 -0.000103061 -0.000209856 -0.000282863 -0.000329751 -0.000309134 -0.000339714 -0.000380923 -0.000444316 -0.000470454 -0.000482901 -0.000487689 -0.000502712 -0.000534807 -0.000542389 -0.000517533 -0.000474501 -0.000456352 -0.000462433 -0.000428057 -0.000429469 
-5.61106e-05 -7.04897e-05 -8.01063e-05 -0.000125967 -0.000206554 -0.000291551 -0.000403735 -0.000497733 -0.000468859 -0.000395334 -0.000393302 -0.000409741 -0.000393869 -0.000367945 -0.000426175 -0.000456993 -0.000502858 -0.000494954 -0.00052422 -0.000537194 -0.000551677 -0.000568492 -0.000536744 -0.000478313 
-7.58973e-05 -9.27556e-05 -0.000116742 -0.00017081 -0.000267451 -0.000393586 -0.000524151 -0.000637245 -0.000632633 -0.000541043 -0.000474332 -0.000464365 -0.000417922 -0.000374576 -0.000373903 -0.000434616 -0.000485496 -0.000512785 -0.000540622 -0.000543923 -0.000556732 -0.000567174 -0.000541855 -0.000477967 
-6.93882e-05 -8.82561e-05 -0.000114081 -0.000148771 -0.000222415 -0.000310472 -0.000420575 -0.000526588 -0.000601069 -0.000573174 -0.000490065 -0.000453965 -0.000457486 -0.000427374 -0.000369732 -0.000410201 -0.000453499 -0.00047754 -0.000573564 -0.000655965 -0.000676658 -0.000638767 -0.000579567 -0.000501448 
-5.53708e-05 -6.94169e-05 -9.11363e-05 -0.000115366 -0.000175783 -0.000275285 -0.000396505 -0.000507378 -0.00058354 -0.000617036 -0.00061704 -0.000622045 -0.000566639 -0.000479839 -0.00042841 -0.000426675 -0.000475453 -0.000495476 -0.000581114 -0.000684343 -0.000737989 -0.000695721 -0.000604237 -0.000501374 
-2.96503e-05 -4.11288e-05 -6.15771e-05 -0.000108248 -0.000190482 -0.000314812 -0.000416107 -0.000539436 -0.00065928 -0.000708399 -0.000748133 -0.000754337 -0.000723534 -0.000643672 -0.000579478 -0.00057443 -0.000564291 -0.000563481 -0.000606497 -0.000673239 -0.000715693 -0.00069441 -0.000588624 -0.000468584 
-3.6104e-05 -5.06141e-05 -9.62686e-05 -0.000155886 -0.000268734 -0.000388506 -0.000473066 -0.00053849 -0.000628853 -0.00073807 -0.000828748 -0.000897865 -0.000881649 -0.000800677 -0.000735949 -0.000683087 -0.000647569 -0.000641883 -0.000667501 -0.00069583 -0.000726821 -0.000703739 -0.000612301 -0.000486811 
-6.34423e-05 -9.85489e-05 -0.000152469 -0.000239989 -0.000356225 -0.000455709 -0.000506629 -0.000600161 -0.000748686 -0.000888579 -0.000988708 -0.000983751 -0.000895311 -0.000800563 -0.000757212 -0.000760469 -0.000773257 -0.000771079 -0.000754545 -0.000729182 -0.000697047 -0.000635092 -0.000546722 -0.000451098 
-8.48897e-05 -0.000129245 -0.000217647 -0.00030211 -0.00039502 -0.000488409 -0.000574516 -0.000687695 -0.000802335 -0.000887007 -0.000933785 -0.000905111 -0.000857963 -0.000812695 -0.000806648 -0.000796617 -0.00077842 -0.000749007 -0.000720459 -0.000692939 -0.000661994 -0.000601843 -0.000509227 -0.000409639 
-9.18883e-05 -0.000155921 -0.000242737 -0.000324717 -0.000402989 -0.000477474 -0.000568632 -0.000663428 -0.000775897 -0.000877924 -0.000891503 -0.000875989 -0.00083441 -0.000802185 -0.000768867 -0.000741211 -0.000722603 -0.00070262 -0.000684971 -0.000663926 -0.000626983 -0.000567386 -0.000477118 -0.000381555 
-9.25809e-05 -0.000183578 -0.000267222 -0.000351048 -0.000427389 -0.000513589 -0.000610452 -0.000757121 -0.000877869 -0.000897039 -0.000898146 -0.0008279 -0.000771371 -0.000735885 -0.000694503 -0.000669964 -0.000639526 -0.000610974 -0.000583853 -0.000549856 -0.000507053 -0.000444343 -0.00036782 -0.000289962 
-0.00016729 -0.000253657 -0.000342051 -0.000430635 -0.000487296 -0.00058033 -0.000734425 -0.000878377 -0.000917845 -0.000907829 -0.000809497 -0.000753977 -0.000686953 -0.00066987 -0.000643144 -0.000610759 -0.000575673 -0.000537215 -0.000513237 -0.000485581 -0.0004482 -0.000395153 -0.000333204 -0.000265502 
-0.000237116 -0.000336871 -0.000405546 -0.000466073 -0.000565125 -0.000747866 -0.000941351 -0.000998771 -0.000966675 -0.000828324 -0.00073051 -0.000665052 -0.000665143 -0.000660369 -0.000637582 -0.000609211 -0.000581908 -0.00056135 -0.000539585 -0.000515571 -0.000483598 -0.000431855 -0.000360535 -0.000282787 
-0.000275694 -0.000339645 -0.000402121 -0.000513249 -0.000694498 -0.000902627 -0.000993882 -0.000982577 -0.000870165 -0.000773633 -0.000708757 -0.000714137 -0.000740901 -0.000748681 -0.000728637 -0.000688719 -0.000663027 -0.000630827 -0.000592922 -0.000559016 -0.000517799 -0.000450975 -0.000370398 -0.000290056 
-0.00025496 -0.00031554 -0.000479949 -0.000665454 -0.000865697 -0.000958912 -0.00094689 -0.000886545 -0.000804343 -0.000736419 -0.000744242 -0.000812877 -0.000815572 -0.000785892 -0.000746388 -0.000711085 -0.000683331 -0.000621909 -0.000560078 -0.000510641 -0.000460379 -0.000395965 -0.000320023 -0.000244421 
-0.000242291 -0.00042196 -0.00064411 -0.000832652 -0.000921088 -0.000943378 -0.000906379 -0.000803909 -0.000705628 -0.000711082 -0.000803812 -0.000828616 -0.000817873 -0.000778461 -0.000722698 -0.000661804 -0.000608482 -0.000549908 -0.000488021 -0.000444719 -0.000407915 -0.000355892 -0.000291181 -0.00022837 
-0.000317727 -0.000533576 -0.000742165 -0.000850897 -0.000938001 -0.00089304 -0.00074294 -0.000628393 -0.00063822 -0.000735662 -0.000808625 -0.000810061 -0.0007748 -0.000729219 -0.000665193 -0.000590786 -0.000513086 -0.000449563 -0.000397411 -0.000364146 -0.000333282 -0.000285716 -0.00022923 -0.000171884 
-0.000384487 -0.000606949 -0.00078071 -0.000873513 -0.000819226 -0.000666973 -0.000552772 -0.000609624 -0.000711868 -0.00075608 -0.000787322 -0.000789397 -0.000755349 -0.000705717 -0.00063893 -0.000559854 -0.000479273 -0.000411742 -0.000358915 -0.000330602 -0.000292392 -0.000248635 -0.000192083 -0.000138446 
-0.000475322 -0.000648752 -0.000771727 -0.000770441 -0.00065629 -0.000550302 -0.000587742 -0.000687719 -0.00071472 -0.000748699 -0.00075751 -0.000753827 -0.00073461 -0.000691495 -0.000630613 -0.000546767 -0.000437805 -0.000363283 -0.000311571 -0.00026993 -0.000236691 -0.000204035 -0.000165164 -0.000122246 
-0.000515704 -0.000635506 -0.000693491 -0.000661721 -0.000585001 -0.000578239 -0.000678466 -0.000711996 -0.000712833 -0.000715159 -0.000713454 -0.000697204 -0.000669995 -0.000619975 -0.00054123 -0.000434388 -0.000349137 -0.000291781 -0.000233394 -0.000202101 -0.00018693 -0.000173864 -0.000151384 -0.000133076 
-0.000482017 -0.000552881 -0.000567504 -0.000572068 -0.000560625 -0.000657603 -0.000704836 -0.000722623 -0.00070389 -0.00068961 -0.00067463 -0.000649625 -0.000607318 -0.000543454 -0.000446409 -0.00034165 -0.000264092 -0.000206649 -0.000141587 -0.000100103 -0.000117973 -0.000145845 -0.000148143 -0.000140392 
-0.000383937 -0.000438056 -0.000481986 -0.000515338 -0.000599334 -0.000659242 -0.000694818 -0.000677911 -0.000658643 -0.000650094 -0.000640007 -0.000613307 -0.0005688 -0.0005002 -0.000409541 -0.000316311 -0.000249615 -0.000170852 -0.000101967 -0.000101972 -0.000161517 -0.000213527 -0.000205981 -0.000192122 
-0.000319642 -0.000369995 -0.000451181 -0.000548427 -0.000602554 -0.000645004 -0.000644662 -0.000618759 -0.000599041 -0.000594959 -0.000591617 -0.000577928 -0.000540334 -0.000478648 -0.000400578 -0.000331502 -0.000268868 -0.000184091 -0.000123798 -0.000178726 -0.000266396 -0.000336187 -0.000332727 -0.000310293 
-0.000286065 -0.000381716 -0.000483672 -0.00055519 -0.000606422 -0.000620372 -0.00060328 -0.000583271 -0.000567904 -0.000558411 -0.00055281 -0.00054484 -0.000518624 -0.000461958 -0.000397478 -0.000342231 -0.000293222 -0.000224639 -0.000218117 -0.000308651 -0.000413487 -0.000467256 -0.000439203 -0.000404938 
-0.000309626 -0.000395144 -0.000479762 -0.000553455 -0.000588008 -0.000586274 -0.000570699 -0.000558785 -0.000546679 -0.000534879 -0.000520585 -0.000502367 -0.000474384 -0.000419454 -0.000364077 -0.000322138 -0.000289385 -0.000243154 -0.000298488 -0.000398342 -0.000457725 -0.000475926 -0.000423408 -0.000331541 
-0.00030305 -0.000393835 -0.000476931 -0.000530599 -0.000551777 -0.000554313 -0.000552415 -0.000543185 -0.000527271 -0.00050545 -0.000481074 -0.000458737 -0.000423782 -0.000369759 -0.000325382 -0.000307592 -0.000289736 -0.000290517 -0.000362118 -0.000413095 -0.000453758 -0.000443726 -0.000361226 -0.000282542 
-0.000284763 -0.000368098 -0.000447404 -0.000495616 -0.000513029 -0.000526282 -0.000537519 -0.000533408 -0.000509549 -0.000475359 -0.000453893 -0.000418115 -0.000379145 -0.000340261 -0.000319161 -0.000321021 -0.000326145 -0.000351483 -0.000390105 -0.000416635 -0.000438949 -0.000377964 -0.000298631 -0.000236839 
-0.000290267 -0.000371149 -0.000442989 -0.000485603 -0.000497535 -0.00050496 -0.000513029 -0.000510046 -0.000491225 -0.000460685 -0.000432692 -0.000412942 -0.000386997 -0.000366484 -0.000357516 -0.000374905 -0.000390423 -0.000399205 -0.000423179 -0.000402785 -0.000333581 -0.000297899 -0.000234265 -0.000176224 
-0.000260221 -0.000342981 -0.000424852 -0.000472211 -0.000486241 -0.000492299 -0.00050188 -0.000494308 -0.000473986 -0.000448093 -0.000425692 -0.000416111 -0.000406469 -0.000393335 -0.000393272 -0.000412207 -0.000404392 -0.000421882 -0.000438111 -0.000376357 -0.000304684 -0.000232152 -0.000185369 -0.000147417 
-0.000260325 -0.000333467 -0.000408894 -0.000461304 -0.000476348 -0.000467924 -0.000474172 -0.000473355 -0.000464504 -0.00045717 -0.00044533 -0.000449262 -0.00045078 -0.000436065 -0.00042757 -0.000417477 -0.000427407 -0.00043682 -0.000399679 -0.000350134 -0.000286675 -0.000213352 -0.000157899 -0.000118924 
-0.000237563 -0.000304122 -0.000364469 -0.000425774 -0.000452849 -0.000463656 -0.000474119 -0.000478357 -0.000468006 -0.000453424 -0.000424268 -0.000419789 -0.00041655 -0.000404054 -0.00038875 -0.000389301 -0.000400465 -0.000368258 -0.000322512 -0.000285041 -0.000236013 -0.000185249 -0.000150926 -0.000121753 
-0.000194458 -0.000245321 -0.000297339 -0.000342401 -0.000364523 -0.000376983 -0.000387124 -0.000392991 -0.000388235 -0.000376054 -0.000340439 -0.000305724 -0.000287786 -0.000274397 -0.000273442 -0.00030089 -0.000291185 -0.000248138 -0.000245073 -0.000230911 -0.000205659 -0.000175584 -0.000145 -0.000103203 
-0.000146433 -0.000181721 -0.00021669 -0.000238745 -0.000247637 -0.000253839 -0.000261665 -0.000269997 -0.000270297 -0.000272172 -0.000261494 -0.000236201 -0.000221742 -0.000209575 -0.000205829 -0.000198626 -0.000196885 -0.000177671 -0.000184369 -0.00018773 -0.000174846 -0.000133658 -0.00010179 -7.16047e-05 
-0.00013328 -0.000155823 -0.000171372 -0.000172283 -0.000172949 -0.000174518 -0.000182383 -0.000191835 -0.000194801 -0.000181637 -0.000171156 -0.000163285 -0.000156698 -0.000147251 -0.00014822 -0.000157663 -0.00016043 -0.000162433 -0.000155126 -0.000147779 -0.000135455 -0.00010784 -8.64852e-05 -6.06732e-05 
