0.00015806 0.000183482 0.000197538 0.000228438 0.000307901 0.000444508 0.000532724 0.000668036 0.000820462 0.000969509 0.00106766 0.0010595 0.00098279 0.000875989 0.000721211 0.000548242 0.000391 0.000247394 0.000140941 9.11379e-05 6.41647e-05 5.57405e-05 5.1376e-05 4.76219e-05 
0.000196609 0.000228337 0.000249744 0.000290246 0.000425815 0.000576797 0.000750856 0.000889669 0.00102891 0.00117916 0.00130329 0.0013423 0.00128004 0.00118277 0.00101492 0.000823021 0.000632676 0.000453002 0.000312289 0.000231259 0.000214747 0.000212874 0.000204243 0.000193127 
0.000220099 0.000255726 0.000290179 0.00030254 0.000364626 0.000539715 0.000686974 0.000791582 0.000918528 0.00107056 0.0012121 0.00123331 0.00118633 0.00110664 0.00104126 0.000968909 0.00082926 0.000671668 0.000488026 0.000401153 0.00039372 0.000395373 0.000389248 0.000379039 
0.000179038 0.000207341 0.000235768 0.000268346 0.000341787 0.000444714 0.000578989 0.00082307 0.00104005 0.00124572 0.00145925 0.00163084 0.00163844 0.00152057 0.00128026 0.0010932 0.000887474 0.000785746 0.000701177 0.000547469 0.00048712 0.000476418 0.000436967 0.000391411 
0.000137576 0.00016124 0.000180207 0.00018196 0.000196874 0.000343554 0.000523894 0.000791986 0.00111975 0.00150449 0.00184122 0.00208334 0.00208098 0.00195443 0.00174846 0.00155031 0.00118988 0.0009186 0.000856032 0.000764335 0.00067484 0.000596901 0.000550331 0.000472204 
0.000123063 0.000145292 0.000154355 0.000183642 0.000267123 0.000418067 0.000688117 0.000933356 0.00111089 0.00137508 0.00168765 0.00201855 0.0021763 0.00213657 0.00192361 0.00159337 0.00143124 0.00111465 0.000897528 0.000813506 0.000738804 0.000679527 0.00064703 0.000556544 
0.000140904 0.000173774 0.000234414 0.000360264 0.0004772 0.00070936 0.000992179 0.00132157 0.00154703 0.00172138 0.00190301 0.0021061 0.00216666 0.0020991 0.00193051 0.00162946 0.00134867 0.00113425 0.00103488 0.000920325 0.000889475 0.000913597 0.000842628 0.000857898 
0.000134981 0.000169096 0.000210109 0.000351939 0.00056608 0.000823426 0.0011947 0.00158455 0.00185956 0.00189653 0.00199398 0.0021275 0.00220019 0.00208003 0.00193114 0.00182238 0.00163444 0.00141331 0.00126105 0.0011336 0.00105569 0.00101069 0.000955913 0.0008712 
0.000116224 0.000148292 0.000209036 0.0003505 0.00059168 0.000859913 0.00117958 0.00153177 0.00184544 0.00199146 0.00203654 0.00210766 0.00224659 0.00223438 0.00211596 0.00213471 0.00202924 0.00185278 0.00173761 0.0015636 0.00138005 0.00121547 0.000997816 0.000815901 
0.000105198 0.000141185 0.000189351 0.000282936 0.00050172 0.000777565 0.00113161 0.00150077 0.00190177 0.00216204 0.00226352 0.00236567 0.00245818 0.00247796 0.0024227 0.00243832 0.00239328 0.00224975 0.00230176 0.00226816 0.00212213 0.00183887 0.00150372 0.00114257 
0.000135923 0.000182849 0.000218624 0.000328172 0.000509671 0.000802037 0.00121419 0.00161421 0.00195171 0.00226224 0.00248043 0.00260038 0.00265288 0.00263025 0.00260075 0.00259331 0.00247246 0.00233121 0.00239234 0.00245955 0.00240049 0.002196 0.00188003 0.00149887 
0.000118882 0.00016724 0.000210075 0.000300122 0.000503937 0.000840324 0.00118753 0.00156789 0.00192728 0.00227719 0.00252747 0.00267541 0.00273299 0.0026871 0.00267533 0.00266616 0.0025991 0.00255819 0.00260431 0.00260045 0.00254108 0.00229206 0.00188934 0.00146375 
0.000117623 0.000169406 0.000235901 0.000338424 0.00054046 0.000811354 0.00111694 0.0013607 0.00172539 0.00216149 0.00251909 0.00275269 0.00281656 0.00278524 0.00278142 0.00281481 0.00281644 0.0028987 0.00298772 0.00299508 0.002907 0.00263347 0.00221821 0.0017247 
0.000147738 0.000234278 0.000352004 0.000517506 0.000745681 0.00103252 0.00128315 0.00157561 0.00195832 0.00239545 0.00275042 0.00283982 0.00280468 0.00276533 0.00282598 0.00286689 0.00294226 0.00306397 0.00316762 0.00320222 0.00311913 0.0028471 0.00241175 0.00191916 
0.000184033 0.000308589 0.000470581 0.000652812 0.000866929 0.00108789 0.00130542 0.00166975 0.00207405 0.00254058 0.00284538 0.00289026 0.00284811 0.00284005 0.00293712 0.00298276 0.00301321 0.00302473 0.00301679 0.00297001 0.00284043 0.00255832 0.00215721 0.00172436 
0.000281741 0.000469303 0.000656831 0.000792841 0.000895858 0.00101104 0.00125726 0.00171097 0.00220081 0.00270976 0.00289304 0.00293034 0.00290339 0.00288893 0.00288768 0.0028629 0.00280549 0.00273798 0.00268824 0.00262271 0.00248232 0.00222941 0.00186936 0.00148733 
0.000280685 0.000474891 0.000609025 0.000744895 0.000897628 0.00117979 0.00161256 0.00216244 0.00265037 0.00290653 0.00311386 0.00319193 0.00316682 0.00309154 0.00297712 0.0028465 0.00268596 0.00254115 0.00242061 0.00231097 0.00217006 0.00193308 0.00161566 0.00127849 
0.000307264 0.000488927 0.00060024 0.000811612 0.00117643 0.0016135 0.00218096 0.00266563 0.00291388 0.00311826 0.00319597 0.0031452 0.00300741 0.00290548 0.00276433 0.00257997 0.0024098 0.00226317 0.0021577 0.00204196 0.00189384 0.00170527 0.0014512 0.00117152 
0.000364178 0.000501907 0.000771532 0.00118631 0.00165973 0.00226469 0.0027681 0.00296323 0.00309613 0.00309489 0.00306228 0.00289416 0.00276555 0.00265251 0.0025312 0.00240186 0.00226808 0.0021633 0.00206266 0.00192879 0.00176058 0.00152781 0.00123994 0.000961066 
0.000425955 0.000688155 0.00113122 0.00164401 0.00222202 0.0026708 0.00292607 0.00302383 0.00302166 0.00299152 0.00286469 0.00267627 0.00255263 0.00242899 0.00230874 0.0021478 0.00201035 0.00191955 0.00182941 0.001723 0.00155879 0.00132398 0.00106685 0.000845351 
0.000517194 0.000951342 0.00157097 0.00210103 0.00247436 0.00270588 0.00284159 0.00288245 0.00282566 0.00274183 0.00259425 0.00249411 0.0023322 0.00215115 0.00203244 0.00193969 0.00186049 0.0017558 0.001641 0.00154064 0.00141431 0.0012215 0.00100074 0.000809337 
0.000763752 0.00139034 0.0019493 0.0023134 0.00252658 0.00267148 0.00278586 0.0027232 0.00259587 0.00246809 0.00242031 0.00228558 0.00221031 0.00209721 0.00201089 0.00197956 0.00192216 0.00179287 0.00162517 0.00150491 0.00139035 0.00121416 0.000997497 0.00078208 
0.00117328 0.00173012 0.00212487 0.00239141 0.00260186 0.00272332 0.00266888 0.00252575 0.00246327 0.00236686 0.00235976 0.00232 0.00224676 0.00212607 0.00201561 0.00193422 0.00183322 0.00167395 0.00152891 0.00140522 0.00126599 0.00108264 0.000866747 0.000658935 
0.00136754 0.00181178 0.00215269 0.00242615 0.00259665 0.00249136 0.00237607 0.00241483 0.00233163 0.00232918 0.00233083 0.0022789 0.00218316 0.00207461 0.00196276 0.0018071 0.00164458 0.00147544 0.00134612 0.00122144 0.0010979 0.000942995 0.000763013 0.000578222 
0.00146043 0.0018133 0.00213756 0.00233903 0.00232094 0.00224172 0.00230335 0.00228694 0.00228831 0.00228396 0.0022369 0.00218637 0.00212075 0.00201986 0.00188987 0.00170514 0.00146826 0.00127354 0.0011832 0.00107153 0.000904892 0.000734489 0.000562143 0.000395237 
0.00146746 0.00184319 0.00211105 0.00216715 0.00219462 0.00222543 0.00226681 0.00224976 0.0021658 0.00213849 0.00212337 0.00208873 0.00202507 0.00190815 0.0017624 0.00155235 0.00133307 0.00118757 0.00105149 0.000891262 0.00075393 0.000567597 0.00044135 0.000358234 
0.00144076 0.00174787 0.0019083 0.00205962 0.00217591 0.00226112 0.00227768 0.00221917 0.00214966 0.00209772 0.00205729 0.00201695 0.00193516 0.00180291 0.00158516 0.0013751 0.00119793 0.00105832 0.000875075 0.000706035 0.000587802 0.000508159 0.000445693 0.000385214 
0.00130312 0.00150191 0.00171516 0.00191579 0.00211134 0.0022188 0.00219619 0.00208543 0.0020242 0.00199076 0.00195874 0.00190754 0.00183647 0.00170947 0.00151517 0.00130024 0.00110903 0.000942199 0.000717794 0.000596688 0.000541976 0.000493689 0.000444125 0.000422282 
0.00113384 0.00133136 0.00159383 0.00185662 0.00206384 0.00212959 0.0020484 0.00194343 0.00188839 0.00186769 0.00184753 0.00179992 0.00171007 0.00161717 0.00147599 0.00125895 0.00102373 0.000830626 0.000661478 0.000624774 0.000609981 0.000642158 0.000657571 0.000646761 
0.00103621 0.00131133 0.00157313 0.00184296 0.00199093 0.00197153 0.00192194 0.00186343 0.00181735 0.00178685 0.00176043 0.00170559 0.0016305 0.00154622 0.0014341 0.00123306 0.00099154 0.000817568 0.000715047 0.000705161 0.000831242 0.000933105 0.000941703 0.000944417 
0.00107568 0.00135791 0.00164724 0.0018359 0.00188189 0.00186701 0.00184603 0.00182164 0.00177901 0.00173672 0.00169311 0.00163212 0.00157281 0.00148453 0.00136383 0.00117514 0.000956524 0.000837213 0.000793939 0.000837681 0.000924679 0.00100305 0.000958786 0.0008136 
0.00110009 0.0013777 0.00161176 0.00175156 0.00178077 0.00177461 0.00177972 0.00176912 0.00172011 0.00167084 0.00162854 0.00157243 0.00150926 0.00141119 0.00128629 0.00112258 0.000967087 0.000898141 0.000873287 0.000855896 0.000826414 0.00080075 0.000654364 0.00049836 
0.00101349 0.00127418 0.00149678 0.00161774 0.00163817 0.00166139 0.00168999 0.00169666 0.00166075 0.00160771 0.00155952 0.00151849 0.00144663 0.00135744 0.00125264 0.00112287 0.00103324 0.000953281 0.00084978 0.000713907 0.000636977 0.000509431 0.00037736 0.000250133 
0.000961631 0.0011735 0.00137677 0.00151777 0.00157081 0.00160067 0.00163387 0.00164879 0.00163596 0.0016222 0.0015733 0.00150376 0.00143013 0.00134785 0.00126274 0.00117932 0.00109415 0.00092817 0.000803935 0.000689269 0.000581464 0.000398389 0.000240005 0.000136185 
0.000927638 0.0011692 0.00139757 0.00154008 0.00156441 0.00153492 0.00153997 0.00154137 0.00153274 0.00150372 0.00146819 0.00142899 0.00139709 0.00135626 0.00130069 0.00121697 0.00109461 0.000896247 0.000802737 0.000746943 0.000640048 0.000449443 0.000280374 0.00017653 
0.00073771 0.000974523 0.00119181 0.0013366 0.00137228 0.00134631 0.00136525 0.00137151 0.00136014 0.00136651 0.00135805 0.00134867 0.00134889 0.00132367 0.00126339 0.00116271 0.00100705 0.000851528 0.00082071 0.00076237 0.000693157 0.000533517 0.000384545 0.000268291 
0.000585301 0.000783305 0.000927468 0.0010455 0.00109317 0.00111552 0.0011529 0.00116739 0.00116803 0.00118646 0.00117841 0.0011699 0.00116365 0.00114528 0.00108272 0.000980772 0.000886061 0.000853623 0.000868712 0.000829961 0.00069463 0.000555912 0.000455027 0.000336186 
0.000518968 0.000671505 0.000815019 0.000948046 0.00102984 0.00107425 0.00110348 0.0011176 0.00112284 0.00111588 0.00106346 0.000993339 0.000933302 0.000897547 0.000867494 0.000822954 0.000837828 0.000863716 0.000872005 0.000809369 0.000681386 0.000537557 0.000427641 0.000305859 
0.000585742 0.000669344 0.000778509 0.000876468 0.000916338 0.000923306 0.000915931 0.000917867 0.000922274 0.000900865 0.00086339 0.00081974 0.000780172 0.000743515 0.000699022 0.000682365 0.000711761 0.000679055 0.000707738 0.000686453 0.000578506 0.00046287 0.000359116 0.000252093 
0.000522772 0.000618578 0.000703676 0.000720239 0.000698678 0.000654297 0.000660686 0.000676428 0.000683444 0.000677114 0.000704546 0.000728063 0.00073586 0.000712904 0.00068768 0.000665801 0.000623523 0.000596326 0.000588006 0.0005164 0.000403387 0.000307721 0.000234261 0.000161235 
