-9.32223e-05 -0.000106404 -0.000111514 -0.000112747 -0.000114267 -0.00011923 -0.000119861 -0.00012815 -0.000150353 -0.000175283 -0.000197919 -0.00020352 -0.000193792 -0.000175614 -0.000151423 -0.00012251 -9.31059e-05 -6.42619e-05 -4.22492e-05 -3.09023e-05 -2.68218e-05 -2.45216e-05 -2.13148e-05 -1.79664e-05 
-0.000106683 -0.000122004 -0.000131109 -0.000139525 -0.0001543 -0.000174129 -0.000187616 -0.000194781 -0.000214451 -0.00025242 -0.000283204 -0.000292929 -0.000284365 -0.000265097 -0.000233603 -0.000198505 -0.000161455 -0.000122284 -9.21116e-05 -6.65065e-05 -5.29824e-05 -4.73859e-05 -4.25943e-05 -3.89175e-05 
-0.00010931 -0.000124028 -0.000141606 -0.000166239 -0.000187564 -0.000226479 -0.000269716 -0.0003119 -0.000361193 -0.000426853 -0.000482615 -0.000485771 -0.000462282 -0.000422652 -0.000374033 -0.000321469 -0.000256125 -0.000200499 -0.00014957 -0.000122318 -0.00010376 -9.07276e-05 -8.22154e-05 -7.5825e-05 
-0.000104099 -0.000119567 -0.000145382 -0.000191127 -0.000239211 -0.000294502 -0.000369865 -0.000462576 -0.000550266 -0.000633471 -0.000690686 -0.000706383 -0.000678075 -0.00062446 -0.000547315 -0.000474797 -0.000378472 -0.000292905 -0.0002369 -0.000181249 -0.000143035 -0.000117485 -0.000106146 -9.39735e-05 
-0.000111567 -0.000130023 -0.000155556 -0.000199182 -0.000260792 -0.00033838 -0.00041818 -0.000518366 -0.000628332 -0.000733763 -0.000793417 -0.000806172 -0.000778418 -0.000740607 -0.000683017 -0.000612083 -0.000502393 -0.000401142 -0.000344737 -0.000301258 -0.000260908 -0.000214145 -0.000184412 -0.000164004 
-9.42071e-05 -0.000111566 -0.000140411 -0.000193066 -0.000265463 -0.000339245 -0.000424099 -0.000524251 -0.00063583 -0.000749338 -0.000818665 -0.000854677 -0.000860504 -0.000837987 -0.00077147 -0.000698245 -0.000617758 -0.000515861 -0.000448362 -0.000424513 -0.000396029 -0.000355636 -0.000293995 -0.000247055 
-8.84814e-05 -0.000106288 -0.00013753 -0.000200618 -0.00027799 -0.000365794 -0.000461654 -0.00057478 -0.000712135 -0.000838714 -0.0009076 -0.000933098 -0.000920109 -0.000905871 -0.000863131 -0.000789663 -0.000706063 -0.000606447 -0.000551452 -0.000518461 -0.000510151 -0.000478694 -0.000405034 -0.000346253 
-7.26309e-05 -8.97399e-05 -0.000109104 -0.000159552 -0.000240488 -0.000344566 -0.000450066 -0.000562067 -0.000691506 -0.000794105 -0.000866714 -0.000895364 -0.000901925 -0.000895085 -0.000868751 -0.000836928 -0.000760949 -0.000681752 -0.000638429 -0.000609869 -0.000584977 -0.000550745 -0.000485079 -0.000409585 
-6.70676e-05 -8.44181e-05 -0.00010265 -0.000138282 -0.000215085 -0.000315076 -0.000417073 -0.000514207 -0.000638218 -0.00073982 -0.00080385 -0.000835017 -0.000870315 -0.000885966 -0.000877111 -0.0008551 -0.000780293 -0.000722192 -0.000703882 -0.00070102 -0.000675729 -0.000622617 -0.000533884 -0.00043843 
-7.00994e-05 -8.81634e-05 -0.000105835 -0.000137828 -0.000207965 -0.000300917 -0.000394731 -0.000499506 -0.000624174 -0.000731666 -0.000807086 -0.000844644 -0.000861785 -0.00087167 -0.000874246 -0.000852552 -0.000806622 -0.000757732 -0.000761613 -0.000776502 -0.000772141 -0.00071194 -0.000614011 -0.000497184 
-7.16404e-05 -9.26516e-05 -0.00010659 -0.00012894 -0.000184582 -0.000268087 -0.000370391 -0.00048579 -0.000605003 -0.000721237 -0.000814035 -0.000860561 -0.000875237 -0.00087223 -0.000863306 -0.000857415 -0.000828232 -0.000793169 -0.000793786 -0.000796625 -0.000774793 -0.000714484 -0.000608325 -0.000494217 
-5.94634e-05 -7.72339e-05 -9.20495e-05 -0.000109478 -0.000154357 -0.000237128 -0.000346484 -0.000461715 -0.000576638 -0.00070069 -0.00079979 -0.000854532 -0.000872927 -0.000868532 -0.000861501 -0.000853021 -0.000830581 -0.000812517 -0.00080759 -0.000803019 -0.000778314 -0.000706007 -0.000595263 -0.000472998 
-5.45725e-05 -7.38362e-05 -0.000100282 -0.000142318 -0.000213225 -0.000312642 -0.000420387 -0.00052943 -0.000652369 -0.000760924 -0.000835348 -0.000868938 -0.000868833 -0.000854463 -0.000849251 -0.000835484 -0.000803941 -0.000795802 -0.000793692 -0.000788172 -0.000769918 -0.000710351 -0.000604572 -0.000479143 
-4.97644e-05 -7.72491e-05 -0.000128267 -0.000199269 -0.000290095 -0.000406987 -0.000527573 -0.000642744 -0.000748812 -0.000812817 -0.000831324 -0.000832736 -0.000816491 -0.000801542 -0.000784461 -0.00075765 -0.000737628 -0.000735941 -0.00073987 -0.000733338 -0.000706868 -0.000642827 -0.000547912 -0.000443385 
-5.572e-05 -0.000105897 -0.000174564 -0.000266395 -0.000376221 -0.00049015 -0.000595293 -0.000687003 -0.000753257 -0.00079378 -0.000808093 -0.000796392 -0.000780398 -0.000753381 -0.000740294 -0.000722805 -0.000708095 -0.000695702 -0.000684965 -0.000666787 -0.000633481 -0.000570289 -0.000479414 -0.000382396 
-9.15809e-05 -0.000160761 -0.000255293 -0.000361149 -0.000460848 -0.000555191 -0.000639326 -0.000717687 -0.000767296 -0.000800739 -0.0007936 -0.000775063 -0.000741097 -0.000704653 -0.000679511 -0.00066126 -0.00064175 -0.000622328 -0.0006024 -0.000579318 -0.000545984 -0.000490623 -0.000411766 -0.00032829 
-0.000122704 -0.000217032 -0.000323821 -0.000434601 -0.000536006 -0.000628256 -0.000710831 -0.000777128 -0.000804993 -0.000797361 -0.000769534 -0.000735406 -0.00068959 -0.000652204 -0.00062226 -0.000597643 -0.000571932 -0.000548034 -0.000526969 -0.000501745 -0.000466229 -0.000410399 -0.000340316 -0.000269539 
-0.000171137 -0.000281935 -0.000389691 -0.000500237 -0.000617857 -0.000720156 -0.000797983 -0.00083699 -0.00082579 -0.000787351 -0.000736119 -0.000675004 -0.000618387 -0.000583588 -0.000556644 -0.00052331 -0.000486343 -0.000452923 -0.000435666 -0.000419233 -0.000391219 -0.000346038 -0.000291511 -0.000235941 
-0.000226496 -0.000340141 -0.000459736 -0.000596131 -0.000723796 -0.000820231 -0.000879891 -0.000869259 -0.000815331 -0.00074054 -0.000660895 -0.000586174 -0.000544037 -0.00051578 -0.000493127 -0.000466298 -0.000436469 -0.000411414 -0.000390034 -0.000366205 -0.000332959 -0.000285348 -0.000231014 -0.000181326 
-0.000284399 -0.000409434 -0.00055464 -0.00069387 -0.000808379 -0.000885489 -0.000893124 -0.000837759 -0.000758749 -0.000664261 -0.000566961 -0.000496785 -0.000465997 -0.000441213 -0.000430388 -0.000416581 -0.000402498 -0.000385748 -0.000364842 -0.000335919 -0.00029792 -0.000250775 -0.00020038 -0.000156853 
-0.00034036 -0.000483829 -0.000643683 -0.000772064 -0.00085764 -0.000884294 -0.000846688 -0.00077087 -0.000668538 -0.000556803 -0.00048555 -0.000448225 -0.000426166 -0.0003948 -0.000368849 -0.000348152 -0.000332465 -0.000316052 -0.000294833 -0.000271881 -0.000245879 -0.000211954 -0.00017453 -0.000139767 
-0.000397099 -0.000558665 -0.000708387 -0.000807253 -0.00084163 -0.000818114 -0.000749712 -0.000648898 -0.000536293 -0.000462094 -0.000436873 -0.000424953 -0.000402864 -0.000378524 -0.000365907 -0.000361335 -0.000346238 -0.000318546 -0.000288983 -0.000266261 -0.000246223 -0.00021442 -0.000177581 -0.000140688 
-0.000464723 -0.000620527 -0.000741742 -0.000801977 -0.000785502 -0.000729877 -0.000631266 -0.000522741 -0.000451689 -0.000422328 -0.000419857 -0.000410083 -0.000392208 -0.000371616 -0.000357685 -0.000342452 -0.000321864 -0.000298157 -0.00028031 -0.000269805 -0.000250829 -0.00021635 -0.000174555 -0.000133696 
-0.000511581 -0.000642685 -0.000722881 -0.000735832 -0.000704286 -0.000622083 -0.0005255 -0.000458918 -0.000421531 -0.000410471 -0.000414598 -0.000402744 -0.000382432 -0.000362238 -0.00034326 -0.000311593 -0.000283736 -0.000261424 -0.000254155 -0.000245455 -0.000230604 -0.000202363 -0.00016663 -0.000128286 
-0.000526651 -0.000611387 -0.000649577 -0.000641505 -0.000591143 -0.000512639 -0.000429104 -0.000399748 -0.000393043 -0.000397307 -0.000396661 -0.000385568 -0.000370564 -0.000348442 -0.000317811 -0.000288062 -0.000260328 -0.000241541 -0.000241885 -0.000230909 -0.000209493 -0.00018101 -0.00014538 -0.000112722 
-0.000477874 -0.00053729 -0.000564206 -0.000541421 -0.000498471 -0.000425221 -0.000400164 -0.000391333 -0.000383958 -0.000382705 -0.000383527 -0.000377122 -0.000362614 -0.000333873 -0.000299196 -0.000269841 -0.000242038 -0.000232309 -0.000221303 -0.000208706 -0.000196246 -0.000177993 -0.000158095 -0.000142296 
-0.000409793 -0.000456987 -0.000472656 -0.000465968 -0.000426707 -0.000408025 -0.000407763 -0.000394112 -0.000382973 -0.000377307 -0.000369983 -0.000359437 -0.000341407 -0.000311935 -0.000276306 -0.000249872 -0.000226527 -0.000211641 -0.000192648 -0.000178877 -0.000189769 -0.000200984 -0.000191859 -0.000169489 
-0.000345737 -0.000379948 -0.000402454 -0.000395132 -0.000391562 -0.000399473 -0.000399576 -0.000380536 -0.000369584 -0.0003613 -0.000351602 -0.000335569 -0.000316254 -0.000289339 -0.000262874 -0.000242621 -0.00021928 -0.000200642 -0.000173427 -0.000181968 -0.000222132 -0.00023373 -0.000212759 -0.000189631 
-0.000280666 -0.00030512 -0.000339723 -0.000361611 -0.000374995 -0.000390307 -0.000381663 -0.0003679 -0.000358324 -0.000349374 -0.000337993 -0.000315986 -0.00028622 -0.000265131 -0.000251034 -0.000232116 -0.000205079 -0.000186423 -0.000175696 -0.000213596 -0.000254671 -0.000274356 -0.00027554 -0.000271113 
-0.000225812 -0.000273609 -0.000314544 -0.000343413 -0.000360037 -0.000362394 -0.000359169 -0.000353462 -0.00034498 -0.000334862 -0.000321454 -0.000298828 -0.000271219 -0.000251429 -0.00024012 -0.000223171 -0.00019893 -0.000183724 -0.000191303 -0.000229562 -0.000275815 -0.000317323 -0.000324533 -0.000307189 
-0.000197191 -0.000248055 -0.000296985 -0.000324012 -0.000332002 -0.000329191 -0.000331448 -0.000329566 -0.000321018 -0.000310236 -0.000296607 -0.000278312 -0.000260234 -0.000243577 -0.000227272 -0.00020942 -0.000188629 -0.000182604 -0.00021161 -0.000243318 -0.000271601 -0.000290315 -0.000276515 -0.000236175 
-0.000180069 -0.000225759 -0.000269058 -0.000297972 -0.000302131 -0.000301702 -0.000306839 -0.000307368 -0.000296974 -0.000282941 -0.000271993 -0.000260151 -0.000247785 -0.000234271 -0.000217618 -0.000202247 -0.000193314 -0.000200672 -0.000229853 -0.000252008 -0.0002607 -0.000259515 -0.000237682 -0.000203478 
-0.000155978 -0.000197283 -0.000239439 -0.00026604 -0.00027383 -0.000280778 -0.00028876 -0.000291188 -0.000282444 -0.000267777 -0.000255653 -0.000246895 -0.000238024 -0.000228828 -0.000218121 -0.000207171 -0.000208405 -0.00022773 -0.000257353 -0.000273921 -0.0002695 -0.000266785 -0.000246461 -0.00020477 
-0.000149792 -0.000187275 -0.000224283 -0.000254236 -0.000273499 -0.000285235 -0.000293824 -0.000294661 -0.000287797 -0.000279898 -0.000268134 -0.000255283 -0.000246143 -0.000237608 -0.000230587 -0.00022685 -0.000233258 -0.000250788 -0.000279919 -0.000286654 -0.000284159 -0.000261966 -0.000233521 -0.000192818 
-0.000170959 -0.000211986 -0.000252512 -0.000287173 -0.000301863 -0.000304368 -0.00030739 -0.000305278 -0.000301148 -0.000296126 -0.000284598 -0.000271819 -0.000262704 -0.000255794 -0.000251155 -0.000248265 -0.000256881 -0.000269236 -0.000283955 -0.000297086 -0.000301492 -0.0002861 -0.00024575 -0.000189396 
-0.000164585 -0.000206671 -0.000252059 -0.000292806 -0.000316792 -0.000321939 -0.000324693 -0.000321326 -0.000316034 -0.000305782 -0.000290158 -0.000277985 -0.000271105 -0.000265685 -0.000260777 -0.000256889 -0.000268749 -0.000277019 -0.000291583 -0.000298357 -0.0002974 -0.000270858 -0.000228076 -0.000172354 
-0.000156918 -0.000192293 -0.000229901 -0.000266511 -0.000288257 -0.000302032 -0.000310172 -0.000307704 -0.000302054 -0.000297602 -0.000276731 -0.00026743 -0.000260383 -0.000254361 -0.000247156 -0.000248659 -0.000253502 -0.000255617 -0.000272199 -0.000275072 -0.000254696 -0.000222502 -0.000189886 -0.000147912 
-0.000138736 -0.000170015 -0.000205676 -0.000247085 -0.000275354 -0.000289587 -0.000294242 -0.000292892 -0.000290149 -0.0002815 -0.000257893 -0.000237899 -0.000223271 -0.000212142 -0.000210014 -0.000215995 -0.000220107 -0.000237641 -0.000250533 -0.000244398 -0.000220769 -0.000191915 -0.000160684 -0.000122975 
-0.000114485 -0.000129318 -0.000154999 -0.000190853 -0.000217819 -0.000234845 -0.000242781 -0.000241974 -0.000238929 -0.000224663 -0.000196763 -0.000180818 -0.000173033 -0.000163252 -0.00015578 -0.000169545 -0.00017993 -0.000190547 -0.000208364 -0.000203995 -0.000183605 -0.000161319 -0.000131783 -9.92586e-05 
-8.97838e-05 -9.50159e-05 -0.000111793 -0.000127504 -0.000144477 -0.000159578 -0.000170116 -0.000171121 -0.000169235 -0.000155275 -0.000138457 -0.000130035 -0.000124688 -0.000118395 -0.000116341 -0.000119368 -0.000136817 -0.000155769 -0.000161667 -0.000152496 -0.000133512 -0.000113675 -9.05938e-05 -6.39173e-05 
