-7.67873e-05 -8.835e-05 -9.2528e-05 -9.35829e-05 -9.93333e-05 -0.000103383 -7.88806e-05 -2.87134e-05 -1.22769e-05 3.47041e-06 1.90686e-05 3.51973e-05 3.81422e-05 2.15472e-05 3.85177e-06 -9.15842e-06 -2.30727e-05 -2.88065e-05 -2.12579e-05 -2.09625e-05 -1.92943e-05 -1.84737e-05 -1.65088e-05 -1.4033e-05 
-8.87724e-05 -0.000103871 -0.000108653 -0.000112317 -0.000127712 -0.000144228 -0.000132123 -0.000120388 -0.000120591 -0.000134705 -0.000145043 -0.000130249 -0.000115041 -0.000103382 -9.67764e-05 -9.88537e-05 -6.62541e-05 -4.67172e-05 -4.17789e-05 -3.91142e-05 -3.37659e-05 -2.43355e-05 -2.23569e-05 -2.4128e-05 
-9.36253e-05 -0.00010777 -0.000131713 -0.000144415 -0.000164729 -0.000180668 -0.000204172 -0.000247387 -0.000295269 -0.000341123 -0.00038372 -0.000383992 -0.000371284 -0.0003393 -0.000301656 -0.000235329 -0.000163748 -0.000139093 -8.2013e-05 -3.40487e-05 -4.95828e-06 2.00141e-05 2.79356e-05 2.94687e-05 
-7.7085e-05 -9.07204e-05 -0.000123508 -0.000170982 -0.000223464 -0.000280278 -0.000349511 -0.000439831 -0.000540888 -0.000625993 -0.000674976 -0.000694279 -0.000656187 -0.000582625 -0.000496972 -0.00041843 -0.000312784 -0.000218656 -0.000169418 -0.000124071 -9.30576e-05 -6.90323e-05 -5.51631e-05 -5.00082e-05 
-8.68269e-05 -0.000102885 -0.000135154 -0.000190745 -0.000242959 -0.000315623 -0.000423767 -0.000551859 -0.000695105 -0.000807878 -0.000872215 -0.000872297 -0.000837901 -0.000796426 -0.000710798 -0.000581865 -0.000432761 -0.000312768 -0.00025947 -0.000221878 -0.000196771 -0.000155401 -0.000130573 -0.000115955 
-7.21141e-05 -8.75361e-05 -0.000122632 -0.000185125 -0.000249586 -0.000315905 -0.000392845 -0.000488273 -0.000641165 -0.000780035 -0.000864022 -0.00091106 -0.000924938 -0.000916123 -0.000855627 -0.00071071 -0.000536932 -0.00038639 -0.000323474 -0.000305797 -0.000277411 -0.000239526 -0.00019611 -0.000165103 
-7.27073e-05 -9.12174e-05 -0.000125206 -0.000199487 -0.000272396 -0.000331246 -0.000391672 -0.000470684 -0.000682653 -0.000845786 -0.00093246 -0.000955279 -0.000958736 -0.00095205 -0.000895336 -0.000769154 -0.000593915 -0.00042523 -0.000381586 -0.000351624 -0.00035357 -0.000343114 -0.000290961 -0.000258354 
-6.62285e-05 -8.33994e-05 -0.000105176 -0.000160163 -0.000216274 -0.000271056 -0.000301392 -0.00036417 -0.000581637 -0.000800865 -0.000925136 -0.000969685 -0.00097597 -0.000944475 -0.000846567 -0.000718299 -0.000586294 -0.000461875 -0.00042324 -0.000408143 -0.000385548 -0.000366249 -0.000327215 -0.000285058 
-4.73442e-05 -6.25257e-05 -8.06007e-05 -0.000114796 -0.000173484 -0.000240952 -0.000267201 -0.000325466 -0.000526754 -0.000765262 -0.000869032 -0.000892705 -0.000845896 -0.000817357 -0.000732701 -0.0006108 -0.000484454 -0.000415981 -0.000404804 -0.000422789 -0.000424431 -0.000419746 -0.000376177 -0.000324925 
-4.41877e-05 -5.85455e-05 -7.42352e-05 -0.000110928 -0.000162642 -0.000197648 -0.000238943 -0.000311522 -0.00046463 -0.000676519 -0.000787682 -0.000757152 -0.000723759 -0.000687959 -0.000641691 -0.000526647 -0.000388875 -0.000315476 -0.000328558 -0.00038141 -0.000427522 -0.000429296 -0.000404447 -0.000361476 
-3.87921e-05 -4.80718e-05 -5.16184e-05 -5.12051e-05 -7.53286e-05 -0.000114397 -0.0001762 -0.00024513 -0.000359075 -0.000519258 -0.000623656 -0.000628064 -0.000617136 -0.000592273 -0.000560946 -0.000473476 -0.000376085 -0.000320345 -0.000340565 -0.000395035 -0.000451631 -0.000476313 -0.000448728 -0.000394159 
-2.15709e-05 -2.28439e-05 -2.76585e-05 -2.9148e-05 -5.67192e-05 -0.000111879 -0.000164149 -0.000227588 -0.000322173 -0.000445812 -0.000509714 -0.000515784 -0.000495444 -0.000489055 -0.000475645 -0.000420417 -0.000369441 -0.000363873 -0.000396724 -0.00044059 -0.000483736 -0.000493481 -0.000472155 -0.000418919 
-3.92106e-05 -4.46362e-05 -6.65903e-05 -9.36454e-05 -0.000137298 -0.000212093 -0.000323296 -0.000396853 -0.000467528 -0.000518129 -0.000484461 -0.000420978 -0.00038714 -0.000367277 -0.000343838 -0.00030511 -0.00026983 -0.000295098 -0.000355677 -0.000409009 -0.000444668 -0.000446463 -0.000415405 -0.000361916 
-3.06885e-05 -4.43414e-05 -9.02423e-05 -0.000136863 -0.000188161 -0.000277031 -0.000393522 -0.000457148 -0.000463971 -0.000437543 -0.000320175 -0.000266245 -0.000241134 -0.000224628 -0.000212577 -0.000183536 -0.000169494 -0.000199197 -0.000247804 -0.000296465 -0.000332084 -0.00033306 -0.000303723 -0.00025839 
-2.98557e-05 -6.36109e-05 -0.000106326 -0.0001677 -0.000241379 -0.000331521 -0.000419397 -0.000460107 -0.000399566 -0.000316243 -0.000255482 -0.000234252 -0.000242104 -0.000236814 -0.000228431 -0.000214834 -0.000203983 -0.000203647 -0.000225726 -0.000251 -0.000256325 -0.000240672 -0.000211169 -0.000178089 
-7.03232e-05 -0.000117115 -0.000176272 -0.000242333 -0.000326072 -0.000397634 -0.000457516 -0.000476632 -0.000404087 -0.000349211 -0.000319697 -0.000342326 -0.000332813 -0.000310821 -0.000287591 -0.000282829 -0.000286105 -0.00030043 -0.000318482 -0.000337978 -0.000349751 -0.000339302 -0.000305737 -0.00025893 
-9.70311e-05 -0.000143009 -0.000217355 -0.000297399 -0.00036356 -0.000424312 -0.000470489 -0.000415198 -0.000366391 -0.00034882 -0.000387356 -0.000412293 -0.000394902 -0.000376299 -0.000371588 -0.000378506 -0.000392365 -0.00040361 -0.000418742 -0.000440464 -0.000448529 -0.000428595 -0.000366603 -0.000293732 
-0.000112616 -0.000179629 -0.000245828 -0.000298087 -0.000362796 -0.000415121 -0.000364776 -0.000328173 -0.000317433 -0.000354934 -0.000395806 -0.000403383 -0.000402065 -0.000397928 -0.000410869 -0.000414682 -0.000420865 -0.000436471 -0.000436939 -0.000431562 -0.000414042 -0.000374944 -0.000319691 -0.000257641 
-0.000146388 -0.000197929 -0.000238944 -0.000309135 -0.000334649 -0.000301942 -0.000271449 -0.000258393 -0.000291799 -0.000346978 -0.00037427 -0.000421022 -0.000438276 -0.000447425 -0.000460484 -0.000445163 -0.000423064 -0.000406517 -0.000385452 -0.000365198 -0.000342271 -0.00030626 -0.000255883 -0.000204471 
-0.000160557 -0.000211813 -0.000294326 -0.000297423 -0.000264088 -0.000215311 -0.000196806 -0.000229728 -0.000273727 -0.00030903 -0.000402208 -0.000466054 -0.000454594 -0.00043711 -0.0004312 -0.000416063 -0.000396723 -0.000372769 -0.000343281 -0.000312854 -0.000284567 -0.000250056 -0.000208488 -0.000168226 
-0.000203405 -0.000276915 -0.000269253 -0.000241522 -0.000206059 -0.000169955 -0.000200673 -0.000248257 -0.000278785 -0.000332364 -0.000433192 -0.000412273 -0.000416295 -0.000403739 -0.000379235 -0.000361255 -0.000336827 -0.000319541 -0.000300943 -0.000290414 -0.000272624 -0.000240542 -0.000202234 -0.000166671 
-0.000234385 -0.000211307 -0.000198401 -0.000180802 -0.000170364 -0.000198568 -0.000257019 -0.000309792 -0.000331115 -0.000382856 -0.000388976 -0.000411449 -0.000401556 -0.000366752 -0.000355582 -0.000362048 -0.000349146 -0.000319075 -0.000269868 -0.000233079 -0.00021182 -0.000193377 -0.000174186 -0.00014207 
-0.000159438 -0.000152718 -0.000152028 -0.000160714 -0.000188963 -0.000259177 -0.000328322 -0.000362154 -0.000414395 -0.000387379 -0.000387498 -0.000378723 -0.000360034 -0.00033956 -0.000333135 -0.000321025 -0.000293762 -0.000238241 -0.000204688 -0.000199025 -0.000196575 -0.00018355 -0.000157866 -0.000125875 
-0.000148514 -0.000156301 -0.000164741 -0.00017959 -0.000226942 -0.000290229 -0.000403355 -0.000427298 -0.000380372 -0.000372251 -0.000380289 -0.00037365 -0.000354696 -0.000344161 -0.000326326 -0.00027769 -0.000230715 -0.000189799 -0.000189714 -0.000196498 -0.000206809 -0.000202219 -0.000184054 -0.000152754 
-0.000179228 -0.000201729 -0.00022237 -0.000230144 -0.000262473 -0.000367223 -0.000397522 -0.000350596 -0.000345183 -0.000356055 -0.000372566 -0.000369645 -0.000352161 -0.000327782 -0.000293025 -0.000224171 -0.000177122 -0.000160201 -0.000185704 -0.000205825 -0.00022771 -0.000224882 -0.000196536 -0.000161255 
-0.000174346 -0.000216456 -0.000262809 -0.000297654 -0.000370176 -0.00042024 -0.00038442 -0.000370962 -0.000354566 -0.000347055 -0.000344413 -0.000339995 -0.000323866 -0.000288843 -0.000241505 -0.000181752 -0.000152321 -0.000161252 -0.000196571 -0.000262533 -0.000300613 -0.00029134 -0.0002659 -0.000235656 
-0.000170817 -0.000227665 -0.000275631 -0.000350089 -0.000416552 -0.000390372 -0.000399923 -0.000372663 -0.000350612 -0.000334829 -0.00032645 -0.000321579 -0.000300346 -0.00026228 -0.00020019 -0.000154191 -0.000138767 -0.000160681 -0.000221249 -0.000265796 -0.00028558 -0.000310143 -0.000296027 -0.000262533 
-0.00019141 -0.000236639 -0.000301241 -0.00037686 -0.000355939 -0.000380407 -0.000372807 -0.000345842 -0.000327555 -0.00031811 -0.000315261 -0.000307038 -0.000285638 -0.000242457 -0.000186005 -0.000148226 -0.000138725 -0.000169669 -0.000213677 -0.000240739 -0.000297277 -0.000312398 -0.000285382 -0.000237992 
-0.000205831 -0.000262387 -0.000296633 -0.00030873 -0.000328016 -0.000346608 -0.00033263 -0.000310846 -0.000297521 -0.000291374 -0.000289105 -0.000279 -0.000251639 -0.000217025 -0.000176516 -0.000136011 -0.000122327 -0.000152523 -0.000205278 -0.000255234 -0.000289444 -0.000306839 -0.000292461 -0.000277804 
-0.000214339 -0.00024011 -0.000271926 -0.000295242 -0.000310154 -0.000307451 -0.000295542 -0.000282119 -0.000272299 -0.000266201 -0.000260951 -0.000248576 -0.000227813 -0.000198473 -0.000166628 -0.000130712 -0.000119649 -0.000158781 -0.000207565 -0.000223332 -0.000268143 -0.00029942 -0.000297302 -0.000279199 
-0.000183685 -0.000223525 -0.000265741 -0.000290991 -0.000290006 -0.00027549 -0.000268225 -0.000261292 -0.000253313 -0.00024623 -0.000240688 -0.000230774 -0.000216562 -0.000194958 -0.00016975 -0.000139378 -0.000143162 -0.000182543 -0.000215 -0.000224828 -0.000232821 -0.000219266 -0.000186447 -0.000138799 
-0.000171822 -0.000213853 -0.000250394 -0.000273046 -0.000270645 -0.000258961 -0.00025523 -0.000251761 -0.000242609 -0.000233931 -0.000225567 -0.000213272 -0.000201567 -0.00018591 -0.000166817 -0.000143153 -0.000159311 -0.000201421 -0.000231824 -0.000239401 -0.000218333 -0.000158888 -0.000120884 -0.000104232 
-0.000157423 -0.000199495 -0.000233028 -0.000249922 -0.000249639 -0.000247205 -0.00024973 -0.000249037 -0.00023528 -0.000219568 -0.000202752 -0.000192814 -0.00018047 -0.000168649 -0.000154556 -0.000141815 -0.000173144 -0.000228192 -0.000267976 -0.000276809 -0.000209665 -0.000168038 -0.000127919 -0.000102007 
-0.000140797 -0.000172328 -0.000207416 -0.000232318 -0.000232507 -0.000231211 -0.00023525 -0.000232421 -0.000218839 -0.000205293 -0.000188276 -0.000170576 -0.000162069 -0.000149935 -0.000133586 -0.000127744 -0.00016823 -0.000228323 -0.000278658 -0.000265643 -0.000222849 -0.000171154 -0.000126384 -0.000118006 
-0.000141516 -0.000170039 -0.000198209 -0.000222253 -0.000225283 -0.00021869 -0.000217778 -0.000214653 -0.000210479 -0.000200391 -0.000181627 -0.000156334 -0.000143999 -0.000136655 -0.000133381 -0.00014096 -0.000203553 -0.000264671 -0.000258456 -0.000258137 -0.00020973 -0.000156919 -0.000109729 -7.84626e-05 
-0.000113674 -0.000143495 -0.000182292 -0.000223795 -0.000262035 -0.000287056 -0.000295309 -0.000289656 -0.000282022 -0.000261653 -0.000223982 -0.000183532 -0.000154349 -0.000142623 -0.000145835 -0.000182392 -0.000249273 -0.000256258 -0.00024455 -0.000231467 -0.000188908 -0.000148342 -9.33541e-05 -5.55333e-05 
-0.000138757 -0.000173179 -0.000222202 -0.000270322 -0.000309134 -0.000333958 -0.000345205 -0.000341497 -0.000332766 -0.00031923 -0.000284972 -0.000252222 -0.000226445 -0.000208297 -0.00020348 -0.000207955 -0.000218241 -0.000194982 -0.000185302 -0.000136363 -0.000103358 -7.65383e-05 -5.78922e-05 -4.36098e-05 
-0.000113503 -0.00015454 -0.000197993 -0.000245698 -0.00028453 -0.000306937 -0.000313363 -0.000316187 -0.000314743 -0.00031071 -0.000284392 -0.000259214 -0.00023851 -0.00022019 -0.000210724 -0.000201016 -0.000189565 -0.000185184 -0.00013002 -0.000103823 -7.76864e-05 -5.42698e-05 -3.94218e-05 -2.80217e-05 
-9.31447e-05 -0.000119033 -0.000150085 -0.000183143 -0.000211005 -0.000231482 -0.000240211 -0.000238057 -0.000231444 -0.000223505 -0.000205356 -0.000205366 -0.000205512 -0.000189352 -0.000171821 -0.000168215 -0.000152474 -0.000154787 -0.000135106 -0.000109752 -7.09789e-05 -4.78181e-05 -3.56425e-05 -2.97273e-05 
-9.24584e-05 -0.000108358 -0.000117832 -0.000122367 -0.000144262 -0.000158088 -0.000163615 -0.000161425 -0.000157648 -0.000151893 -0.000164693 -0.000184581 -0.000190619 -0.000181204 -0.00016075 -0.000143189 -0.000140932 -0.000149584 -0.000128916 -0.000109664 -8.12772e-05 -7.00988e-05 -6.06546e-05 -4.93681e-05 
