0.000253025 0.000284447 0.000278593 0.000244719 0.000182923 0.000102909 6.79794e-05 7.78239e-05 8.33203e-05 7.75475e-05 0.000109022 0.000128517 0.00011744 0.000103264 9.49795e-05 8.0765e-05 6.09584e-05 4.02699e-05 2.67247e-05 3.37063e-05 4.56333e-05 4.55846e-05 3.6214e-05 2.53707e-05 
0.00019309 0.000220448 0.000227715 0.000235554 0.000224905 0.000134686 0.000102579 6.11538e-05 4.13969e-06 2.18365e-05 5.33203e-05 6.12311e-05 6.21438e-05 6.01483e-05 7.00457e-05 9.64907e-05 0.000120363 0.000125942 0.000100611 3.45962e-05 1.16316e-05 1.86604e-05 1.52347e-05 1.31729e-05 
0.000292976 0.000332158 0.000369233 0.000417995 0.000452799 0.000435449 0.000428595 0.000443138 0.000463207 0.000544099 0.000653638 0.000702976 0.000668119 0.000536986 0.000430477 0.000368508 0.000285195 0.000203472 0.000140062 0.000122345 3.65795e-05 7.34966e-06 4.83993e-06 -3.36459e-06 
0.000308165 0.000352591 0.000413697 0.000505468 0.000627307 0.000749599 0.000864107 0.000949018 0.000971261 0.000994691 0.000956092 0.000804472 0.000707589 0.00060581 0.000572663 0.000578661 0.000467726 0.00038096 0.00031398 0.000215261 0.000128882 9.65355e-05 0.000120445 0.000111144 
0.000265957 0.000303155 0.000350031 0.000403571 0.000529383 0.000692555 0.000796211 0.000894605 0.000966656 0.00104035 0.00100603 0.00087948 0.000769913 0.000715516 0.000647523 0.000641143 0.000569732 0.000509703 0.000554689 0.000583596 0.00055584 0.000468553 0.00039991 0.000379065 
0.000213799 0.000239204 0.000285581 0.000367271 0.000480636 0.000577405 0.000619915 0.000668835 0.00073878 0.000785706 0.000807778 0.000762685 0.000727509 0.000727558 0.000729474 0.000769236 0.000779966 0.00071172 0.000714163 0.000840768 0.00081443 0.000735371 0.000603901 0.000542699 
0.000193898 0.000219186 0.000275114 0.000369194 0.000483009 0.000560628 0.000532204 0.000547049 0.000679433 0.000866903 0.000945115 0.00087314 0.000816433 0.000833912 0.000833938 0.000896374 0.00106172 0.000929004 0.000894508 0.000937633 0.00104333 0.000995145 0.000827816 0.000732282 
0.000184084 0.000216977 0.00025568 0.000302422 0.000374929 0.000357136 0.0003255 0.000358764 0.000501884 0.000749675 0.00101341 0.00107031 0.00102684 0.00103448 0.00100464 0.00110235 0.00125793 0.0011948 0.00111948 0.00105572 0.00103961 0.00110682 0.00106826 0.000966621 
0.000151449 0.000186192 0.000203467 0.000181299 0.000203342 0.000252011 0.000355712 0.000389845 0.000515233 0.000745934 0.00101049 0.00111614 0.0011711 0.00118992 0.00114807 0.00123691 0.00132289 0.00133856 0.00131124 0.00129315 0.00129955 0.00125765 0.00109832 0.000977609 
0.000123737 0.000145964 0.00014747 0.000109764 0.000119615 0.000259305 0.000407181 0.000526179 0.00061582 0.000776396 0.000923359 0.000982724 0.000956157 0.000943287 0.000944285 0.000893777 0.000977371 0.00102585 0.00106012 0.00118124 0.00125963 0.00126849 0.00113462 0.00095062 
0.000125289 0.000161661 0.000160198 0.000119747 0.000157034 0.000267188 0.000367377 0.000522364 0.000634092 0.000665084 0.000734321 0.000770902 0.000738012 0.000718305 0.000676793 0.000645391 0.000657942 0.000679146 0.000719933 0.000857398 0.00101796 0.00100967 0.000904029 0.000794739 
0.000131315 0.000170285 0.000188705 0.000163415 0.000210908 0.000276133 0.000355524 0.000486839 0.00057091 0.00056905 0.000642435 0.000693765 0.000708314 0.000706028 0.000647867 0.000575102 0.000567524 0.000546624 0.000557056 0.000646681 0.000751814 0.000794769 0.000711439 0.000626969 
8.01197e-05 0.000110753 0.000144265 0.000204905 0.000291202 0.000380914 0.000504264 0.000638432 0.000694724 0.00071316 0.000733801 0.000746137 0.000719177 0.00065207 0.000540174 0.00040588 0.000329362 0.000245832 0.000214285 0.000276692 0.000360755 0.000406775 0.000395651 0.000367411 
6.28194e-05 8.17156e-05 0.000145015 0.000294541 0.000443727 0.000634461 0.000845334 0.00101468 0.00108921 0.00106674 0.000933509 0.000731634 0.000565921 0.000468468 0.000374291 0.000250515 0.00012708 2.15082e-06 -2.92938e-05 -2.68726e-06 4.80471e-05 8.58651e-05 0.000107774 0.000126736 
6.01615e-05 0.000121818 0.000292525 0.000500696 0.000723392 0.000953513 0.00109527 0.00117147 0.00118441 0.00104731 0.000817357 0.000599334 0.000501154 0.000394144 0.000268562 0.000162116 0.000105388 0.000100755 0.000120415 0.000156328 0.000196529 0.00021814 0.000212107 0.000192212 
0.000136561 0.000283893 0.000520103 0.00085994 0.00106189 0.00112577 0.00112791 0.00115442 0.00109728 0.000869157 0.000599305 0.000439991 0.000302697 0.000172745 0.000135256 0.000143412 0.00017292 0.000211135 0.000258934 0.000282757 0.000304213 0.000301279 0.000270497 0.000231775 
0.000311129 0.000560181 0.000883216 0.00111724 0.00119246 0.00116166 0.00116948 0.00112844 0.000911513 0.000601424 0.000311871 0.000173255 0.000102648 9.80655e-05 0.000140171 0.000182544 0.000215437 0.000230604 0.000228934 0.000214516 0.000200827 0.00018525 0.000157778 0.000140934 
0.000417653 0.000743447 0.000969228 0.00112273 0.00118869 0.00118145 0.00112639 0.000977941 0.000695494 0.000349529 0.000213553 0.000148118 0.000201799 0.000294563 0.00034526 0.000404981 0.000416047 0.000373995 0.000344004 0.000315362 0.000279068 0.00022835 0.000192076 0.00015746 
0.000560771 0.000776073 0.00100344 0.00114848 0.00119855 0.00120509 0.0011116 0.000864794 0.000476403 0.000316339 0.00028198 0.000388231 0.000514469 0.000586966 0.000628022 0.000660231 0.000685175 0.000681907 0.000656034 0.00061119 0.000542822 0.000443356 0.000330745 0.000239222 
0.000665852 0.000839375 0.00101671 0.00117142 0.0012371 0.00118728 0.000976814 0.000648517 0.000517031 0.00043176 0.000445746 0.000539098 0.000638483 0.000688692 0.00074139 0.000802847 0.000863263 0.000872883 0.000841447 0.000793455 0.000714706 0.000594055 0.000459067 0.000345254 
0.000790982 0.000910334 0.00106683 0.00118003 0.00115079 0.00100713 0.000784745 0.000670114 0.000607837 0.000572446 0.000633584 0.000755287 0.000822425 0.000865046 0.00093657 0.00103544 0.00112704 0.00113237 0.00108067 0.00101552 0.000929376 0.000801778 0.000647265 0.00050149 
0.000856085 0.000979047 0.00111507 0.00113304 0.00101541 0.000836179 0.000644906 0.000603833 0.000640185 0.000718956 0.000831766 0.000920879 0.000998852 0.00107762 0.00116775 0.00126407 0.00131419 0.00129445 0.00122156 0.00116439 0.00109567 0.000967726 0.000791735 0.000621771 
0.000781492 0.000920724 0.000997094 0.000962292 0.000812567 0.000581381 0.000484656 0.000578307 0.000739254 0.000884986 0.00105131 0.00113531 0.00115515 0.0011521 0.00120224 0.00125959 0.00128358 0.00127038 0.00122365 0.00116307 0.00108044 0.000945668 0.000770157 0.000595337 
0.000703373 0.000794633 0.000859971 0.000765363 0.000585421 0.000476232 0.000594529 0.00090515 0.00108593 0.00122493 0.00128843 0.00128587 0.00124519 0.00121973 0.00124647 0.00125339 0.00125648 0.001227 0.00115739 0.00109222 0.00102434 0.000923249 0.000778577 0.000615226 
0.000571309 0.000624989 0.000659214 0.000596663 0.000559467 0.000606046 0.000879771 0.00119379 0.00138748 0.00148927 0.00148725 0.0014403 0.00136304 0.00131824 0.00129436 0.00126583 0.00123503 0.00117238 0.0010916 0.00105592 0.00102266 0.000942556 0.00078826 0.00062758 
0.000426255 0.000462563 0.000498834 0.000568323 0.00062969 0.000776423 0.00116928 0.00145912 0.00157024 0.00156631 0.00152696 0.00148025 0.00141826 0.00136464 0.00133756 0.00129761 0.00121783 0.00111024 0.00104789 0.00106689 0.00108592 0.00101165 0.000864832 0.00072559 
0.000302303 0.000334435 0.000447197 0.000576155 0.000711514 0.00103601 0.00135696 0.00152883 0.00156527 0.00152791 0.00147037 0.00142898 0.00139538 0.00134297 0.00130603 0.00126164 0.00114664 0.00105688 0.00100855 0.00102062 0.0010101 0.00097984 0.000886026 0.000756429 
0.000257488 0.000328776 0.000471946 0.000603381 0.000838267 0.00118592 0.00140001 0.00147835 0.00147827 0.00144256 0.00139864 0.00136014 0.00134349 0.00130997 0.00128023 0.00120596 0.001088 0.00102059 0.000980745 0.000954497 0.00101862 0.000982009 0.000870599 0.000742299 
0.000234238 0.000350592 0.000505737 0.000728516 0.0010456 0.00130504 0.00140304 0.00140929 0.00140839 0.0013928 0.00136509 0.00131982 0.00127458 0.00126144 0.00122155 0.00113462 0.0010405 0.000994672 0.000948454 0.0010052 0.00100483 0.000991339 0.000960098 0.00085078 
0.000306664 0.000479357 0.000660632 0.000919424 0.00117685 0.0013183 0.00134382 0.00134398 0.00133349 0.00132451 0.00131187 0.0012813 0.00122388 0.00119787 0.00114923 0.00106772 0.00101001 0.000981453 0.000955931 0.000926235 0.000962938 0.00101988 0.000940953 0.000751875 
0.000469128 0.0006603 0.000862772 0.00107356 0.00124375 0.00128874 0.00129913 0.00129055 0.00127658 0.00126944 0.00125826 0.00122855 0.00117509 0.00112432 0.00105619 0.000982096 0.000937671 0.000915134 0.000939191 0.000890765 0.00081365 0.000732679 0.000593313 0.000414856 
0.000584965 0.000790928 0.000989155 0.00115669 0.00124167 0.00126921 0.00126659 0.00125452 0.00124098 0.00123018 0.00122169 0.00120073 0.00114809 0.00108945 0.00102754 0.000983021 0.000959625 0.00097999 0.000993322 0.000924533 0.000710218 0.000577745 0.000412576 0.000285584 
0.000651363 0.000847448 0.00102595 0.00115479 0.00122017 0.0012517 0.00126446 0.00126165 0.00125646 0.00124949 0.00122627 0.00117166 0.00111918 0.00107712 0.00104914 0.00103037 0.000991 0.00108619 0.00110593 0.00093123 0.000736805 0.00057927 0.000412003 0.00026758 
0.00073372 0.000903817 0.00105703 0.00117803 0.0012222 0.00123013 0.00123999 0.00123901 0.00122854 0.00121154 0.00117573 0.00114625 0.00112118 0.00107933 0.00105225 0.00103944 0.0010165 0.00110993 0.00104386 0.000929504 0.000730194 0.000556705 0.000403684 0.000268503 
0.000690814 0.000872726 0.00103705 0.00114079 0.00118042 0.00119808 0.00122462 0.00122643 0.00120569 0.00115952 0.0011087 0.00111701 0.00113015 0.00109473 0.00105585 0.0010399 0.00108912 0.00105113 0.000982624 0.000860453 0.000730241 0.000584631 0.000459708 0.000301516 
0.000622149 0.000780697 0.000951237 0.00111451 0.00125228 0.00132357 0.00135275 0.00134414 0.00133127 0.00129589 0.00122359 0.00118471 0.00115759 0.00110783 0.00106158 0.00104821 0.00106434 0.00100432 0.000853251 0.000733752 0.000662033 0.000555627 0.000437941 0.000298411 
0.000603628 0.000771996 0.000950655 0.00114413 0.00128588 0.00134189 0.00134921 0.00133333 0.00132351 0.00130992 0.00120561 0.00111977 0.00105556 0.00100292 0.000971119 0.000958672 0.000884984 0.000714524 0.000626679 0.000542126 0.00049211 0.000408812 0.000317782 0.000219043 
0.000426133 0.000563587 0.000707868 0.000876724 0.000985274 0.00103658 0.00104838 0.00104985 0.00105027 0.00105691 0.00101653 0.00094317 0.00087334 0.000818328 0.000780689 0.000721375 0.000599645 0.00049098 0.000423974 0.000345056 0.000298742 0.000260413 0.000193687 0.000128473 
0.000259465 0.000334036 0.000420766 0.000537936 0.000620924 0.000637584 0.000634305 0.000634819 0.000635084 0.000640706 0.000605196 0.000534927 0.00049379 0.000451184 0.000370965 0.000326386 0.000254681 0.000198776 0.000222083 0.000211086 0.000199552 0.000161854 0.000124165 7.8306e-05 
0.000162109 0.0002082 0.000248984 0.000255065 0.000241618 0.000236652 0.000232381 0.000226751 0.000219157 0.00023146 0.000284004 0.000302884 0.000317946 0.000304451 0.000253023 0.000187529 0.000133931 0.000117966 0.000109447 9.25179e-05 6.97633e-05 5.41137e-05 2.71286e-05 2.33212e-06 
