0.000252128 0.000286104 0.000286093 0.000258989 0.000182648 6.05432e-05 2.68294e-05 1.29183e-05 -4.16724e-06 1.63437e-05 6.44493e-05 0.000114366 0.000121772 9.80272e-05 6.57921e-05 3.68698e-05 1.47488e-05 6.69212e-06 3.88583e-06 8.47077e-06 2.93729e-05 3.58606e-05 2.98214e-05 2.07804e-05 
0.00028529 0.000327636 0.000340953 0.00035284 0.000300305 0.00019863 0.00010177 7.71999e-05 8.65877e-05 0.000178672 0.000301261 0.000388828 0.000444395 0.0004197 0.000379683 0.000318914 0.00021614 0.000108755 3.58772e-05 1.1528e-06 5.65976e-06 1.90125e-07 -8.22864e-06 -1.72399e-05 
0.000282116 0.00031842 0.000360786 0.00041682 0.000416616 0.000419498 0.000447697 0.000531738 0.000659344 0.000815311 0.0009455 0.000954454 0.000894738 0.000791077 0.00068679 0.000566758 0.000426696 0.000289037 0.000129271 1.60266e-05 -1.8524e-05 -1.38023e-05 -5.32571e-06 -1.31889e-05 
0.000252003 0.000286807 0.000362463 0.000487395 0.000635048 0.000799116 0.00100414 0.00123629 0.00146713 0.00162895 0.00167456 0.00162127 0.00146408 0.00127615 0.00110828 0.000942516 0.000696837 0.000484426 0.000333842 0.000173822 8.11718e-05 4.01124e-05 6.37941e-05 7.68688e-05 
0.000260815 0.000309726 0.000385126 0.000517201 0.000768586 0.00106407 0.00133045 0.00158713 0.00184784 0.00205464 0.00206623 0.00192432 0.00174427 0.00160685 0.00147562 0.00133438 0.001085 0.000806466 0.00060584 0.000415037 0.000282506 0.000212111 0.00022603 0.000251152 
0.000229483 0.000270336 0.000376607 0.000565057 0.000781144 0.000984154 0.00117553 0.00135989 0.00157991 0.0017716 0.00179462 0.0017372 0.00170862 0.00170147 0.00164845 0.00157249 0.00143813 0.00118578 0.000951424 0.000765782 0.000611793 0.000545952 0.000436417 0.000405804 
0.000221201 0.000266409 0.000360834 0.000542552 0.000738565 0.000904872 0.00102762 0.00122809 0.00156122 0.00190616 0.00200353 0.00194619 0.00188444 0.00192136 0.00192164 0.00180957 0.00170672 0.00145767 0.00129551 0.00115802 0.00107028 0.000919924 0.000743182 0.000624153 
0.000188318 0.000236644 0.00030056 0.0003949 0.000520676 0.000629817 0.000784144 0.000980604 0.00131454 0.00166323 0.0019238 0.0019919 0.00200262 0.00204046 0.00208149 0.00207654 0.0018649 0.00161893 0.00148595 0.00145751 0.001406 0.00126759 0.00105994 0.000877092 
0.000144426 0.000188536 0.000230781 0.000254404 0.000326792 0.000446494 0.000606411 0.000752242 0.00099712 0.00138653 0.00172144 0.00187255 0.00199003 0.0020611 0.00211194 0.00208528 0.00182905 0.00162763 0.00156674 0.00164127 0.0016422 0.00153255 0.00127773 0.00100302 
0.000147989 0.000187683 0.000219424 0.000248058 0.00030255 0.000476057 0.000672247 0.000870328 0.00106706 0.00138519 0.00166884 0.00182683 0.0018676 0.00191395 0.0019666 0.00193773 0.00179588 0.00167769 0.00162232 0.00172427 0.00176199 0.00165508 0.00142178 0.00111341 
0.000153956 0.00019287 0.000204042 0.00019295 0.000286051 0.000472377 0.000690095 0.00094548 0.00117297 0.00138999 0.0015936 0.00174229 0.00180337 0.00182625 0.00182238 0.00178637 0.001706 0.00166821 0.00167071 0.0016868 0.00167533 0.00152042 0.00125945 0.00103261 
0.000167422 0.000213569 0.000232422 0.000206281 0.000243232 0.00038359 0.000608201 0.000862674 0.00108523 0.00129605 0.00150056 0.0016734 0.00174899 0.00174176 0.0016985 0.00165954 0.0016485 0.00160381 0.00158499 0.00158398 0.00154785 0.00141191 0.00118983 0.000940602 
0.000146829 0.00018744 0.000220883 0.000282078 0.000410482 0.000607433 0.00083551 0.00108157 0.00133026 0.00148224 0.0015839 0.00162011 0.00162311 0.00161266 0.00161724 0.00164134 0.00166042 0.00165802 0.00161243 0.00157972 0.00151847 0.00137616 0.00114812 0.00090161 
9.39154e-05 0.000150388 0.000257889 0.000423209 0.000656335 0.000967047 0.00121611 0.00151307 0.00174821 0.00179666 0.00170208 0.00157969 0.00151477 0.00151457 0.00151844 0.00150334 0.00147078 0.00143298 0.00140515 0.00137944 0.00133536 0.00123153 0.00105276 0.000841289 
8.67064e-05 0.000222238 0.000378734 0.000593332 0.000863131 0.00113068 0.00135648 0.00155925 0.001698 0.00170299 0.00162435 0.00150987 0.00146495 0.00142859 0.00139748 0.00131683 0.00123904 0.00116977 0.00111706 0.00104283 0.000961858 0.000854282 0.000712904 0.000568961 
0.000206065 0.000355184 0.000600877 0.000869135 0.001104 0.00129303 0.00148174 0.00159268 0.00165989 0.00159309 0.00147056 0.00138298 0.00134615 0.00128027 0.00121281 0.00113689 0.00105129 0.000968211 0.000887716 0.000803522 0.00071908 0.000638986 0.000537899 0.000427563 
0.000271545 0.000523294 0.000785051 0.00106611 0.00131907 0.0015183 0.00161174 0.00169464 0.00161387 0.00151416 0.00138936 0.00136028 0.00126001 0.00115615 0.00104983 0.000960178 0.000894494 0.000842421 0.000800933 0.000763627 0.000710405 0.000629599 0.000539723 0.000444853 
0.00035385 0.000639112 0.00090435 0.00121204 0.00146776 0.00163868 0.00173272 0.00167958 0.00157717 0.00141035 0.00130707 0.0011391 0.00102874 0.000969871 0.000910249 0.000857811 0.000796052 0.000738878 0.000718418 0.00070388 0.000660398 0.000579634 0.000490396 0.000408157 
0.00049306 0.000781827 0.0010847 0.00136766 0.00164414 0.00177687 0.00173427 0.00155681 0.00134308 0.00121306 0.00102666 0.000929939 0.00084164 0.000779295 0.000738598 0.000720358 0.000690724 0.000676795 0.000652319 0.000611121 0.000548505 0.000448996 0.000346385 0.000264028 
0.000698159 0.00100257 0.0012915 0.00160407 0.00179901 0.00181439 0.00163362 0.00134748 0.00117849 0.000936882 0.000712101 0.000555047 0.000505822 0.000461095 0.000433595 0.000408106 0.000407832 0.000399382 0.000373974 0.000331504 0.000280711 0.000221274 0.000168477 0.00013624 
0.000896795 0.00117763 0.0015234 0.0017747 0.00176413 0.00164571 0.00147429 0.00126528 0.000966496 0.000635918 0.000485569 0.000428405 0.000349363 0.000270802 0.000203575 0.000170364 0.00016622 0.000133502 8.41655e-05 4.76928e-05 2.32833e-05 1.20373e-05 1.466e-05 1.83566e-05 
0.00101706 0.00136874 0.00165696 0.00171452 0.00160544 0.00144064 0.00125004 0.000956239 0.000683688 0.000476822 0.000406517 0.00029812 0.00022865 0.00020014 0.000267709 0.000338034 0.000328395 0.00024681 0.000179435 0.000149402 0.000104071 5.15742e-05 9.02276e-06 -1.27639e-05 
0.00114962 0.0014647 0.00160003 0.00155188 0.00135317 0.00124404 0.00102889 0.000771358 0.000559114 0.000475533 0.000360968 0.000285403 0.000277385 0.000312339 0.000396624 0.000440628 0.000439931 0.000428762 0.000400044 0.000337527 0.000258719 0.000176647 0.000114578 8.59576e-05 
0.00120049 0.00135701 0.00138933 0.00131067 0.00123527 0.0010868 0.000908569 0.000698731 0.000543216 0.000394592 0.000324606 0.000299665 0.000293609 0.000321656 0.000344926 0.000377611 0.000406603 0.000418021 0.000390566 0.000369979 0.000333783 0.000278399 0.000217085 0.000167215 
0.00106677 0.00113775 0.00112902 0.00105816 0.000921118 0.000839293 0.00059495 0.000472797 0.000396482 0.000319888 0.000293769 0.000287207 0.000272161 0.0002395 0.000247291 0.000277197 0.000359644 0.000410317 0.000472595 0.000501593 0.000476653 0.000425433 0.000342082 0.000265718 
0.000868338 0.000926191 0.000901191 0.000745084 0.0006988 0.000491746 0.000398202 0.000300794 0.000220639 0.000240281 0.000290937 0.000316727 0.000312825 0.000286073 0.000288391 0.000345153 0.000409315 0.000495131 0.000556218 0.000522781 0.000471884 0.000429982 0.000361775 0.000270459 
0.000714817 0.000761867 0.000713409 0.000669788 0.000530746 0.000438594 0.000339762 0.000246446 0.000239223 0.000277359 0.000312563 0.000338492 0.000352318 0.0003554 0.00038827 0.000468735 0.000505366 0.000537756 0.000514633 0.000452838 0.000450368 0.000395514 0.000316077 0.000243426 
0.000586191 0.000565041 0.000581921 0.000493181 0.000468493 0.000380595 0.000297494 0.000253696 0.000266711 0.000289042 0.000303289 0.000300196 0.000323694 0.000356137 0.000434716 0.000522311 0.000545192 0.000516493 0.000429087 0.000356676 0.000388824 0.000374219 0.000328362 0.000343144 
0.000389962 0.000392162 0.000391558 0.000421215 0.000390031 0.000311406 0.000272537 0.000282956 0.000295388 0.000297008 0.000299363 0.000282455 0.000265143 0.000317224 0.000408928 0.000473808 0.000466571 0.00042626 0.000359706 0.000412314 0.000504861 0.000559512 0.000619245 0.000607665 
0.000307345 0.000341016 0.000373179 0.000351859 0.0003068 0.000251353 0.000277045 0.000303335 0.000307088 0.00030543 0.000301298 0.000272234 0.000242864 0.000269214 0.000354472 0.000403203 0.000365846 0.000318678 0.000345476 0.000454354 0.000572437 0.000676019 0.000706674 0.000667283 
0.000303365 0.000347786 0.000367205 0.000323067 0.000229471 0.00022027 0.00026396 0.000283137 0.000275269 0.000266552 0.000263653 0.000242163 0.000238372 0.000257294 0.00030353 0.000323322 0.000276284 0.000241067 0.000366983 0.000461091 0.000539447 0.000564954 0.000552485 0.000474524 
0.000259789 0.000292187 0.000298024 0.000243826 0.000198211 0.000207883 0.000235748 0.000252479 0.000249093 0.000240514 0.000239088 0.000234392 0.000245292 0.000261185 0.000279583 0.00026567 0.00021062 0.000226376 0.000371232 0.000466226 0.000454264 0.000393629 0.000341438 0.000287543 
0.000125601 0.000137676 0.00014625 0.000159254 0.000161377 0.000190858 0.000222589 0.000241165 0.000245111 0.000238123 0.000237022 0.000244006 0.000257526 0.000279906 0.00029503 0.000253604 0.00017154 0.000256164 0.000415566 0.000490954 0.000474746 0.000428953 0.000388585 0.000307397 
0.000110368 0.000117716 0.000131772 0.000167589 0.000181585 0.000196234 0.000227021 0.000237371 0.000237066 0.00025005 0.000266069 0.000264216 0.000271383 0.000271776 0.00027151 0.000233456 0.000164933 0.000266845 0.000424226 0.00052525 0.000570114 0.000550816 0.000519985 0.000408032 
0.000120375 0.000149851 0.000175052 0.000210939 0.000231773 0.000243352 0.000272456 0.00027824 0.000270529 0.000274996 0.00027969 0.000270602 0.00024707 0.000221256 0.000192485 0.000166215 0.000193123 0.000267974 0.000389544 0.000499972 0.00063998 0.000676027 0.000603063 0.000448345 
0.000101058 0.00011184 0.000153652 0.000213578 0.000291152 0.000316627 0.000323576 0.000314207 0.00030953 0.000301296 0.000295757 0.000261133 0.000237105 0.000232337 0.000213894 0.000204217 0.000255992 0.000311333 0.000454054 0.000568508 0.00068818 0.00068097 0.000600978 0.000434865 
8.32282e-05 7.67605e-05 9.2463e-05 0.00017476 0.000263633 0.000313551 0.000333232 0.000339119 0.000348465 0.000357214 0.000285952 0.000219362 0.000188636 0.000201256 0.000190433 0.000176526 0.000230997 0.000380272 0.000487803 0.000572045 0.000600455 0.000563126 0.000485029 0.000361339 
0.000272263 0.00028137 0.000353321 0.000512754 0.000632351 0.000699728 0.000711602 0.000711509 0.000725951 0.000698118 0.00052466 0.000367375 0.000265286 0.000236091 0.00026677 0.000318593 0.000419822 0.000504393 0.000546365 0.000530964 0.000505819 0.000471891 0.000393765 0.000299669 
0.000335135 0.000368861 0.000437011 0.000586105 0.000687306 0.000736273 0.000747126 0.000743974 0.000740442 0.000695267 0.000538598 0.000385677 0.000288003 0.00024803 0.00023364 0.000300887 0.000335716 0.000347719 0.000398898 0.000378401 0.000353007 0.000343144 0.000297078 0.000228998 
0.000137174 0.000172731 0.000216738 0.000257174 0.000287996 0.000301883 0.000303416 0.000297373 0.000288578 0.000271128 0.000253041 0.00020091 0.000165388 0.00015884 0.000147522 0.0001753 0.000164458 0.000164163 0.000186939 0.00017274 0.000172414 0.000183249 0.000152252 0.000100366 
