-0.000152285 -0.000172081 -0.000174505 -0.000151105 -0.000107105 -7.06851e-05 -3.53881e-05 -4.46122e-06 -8.60397e-06 5.90555e-06 9.21141e-06 1.63745e-05 2.95841e-05 2.15199e-05 1.90141e-06 -1.62682e-05 -3.27807e-05 -3.22063e-05 -1.54094e-05 -1.88881e-05 -2.16161e-05 -2.32681e-05 -2.04187e-05 -1.5513e-05 
-0.000127512 -0.000142636 -0.000140539 -0.000117436 -0.000104855 -0.000105583 -0.000118835 -0.000142387 -0.000144917 -0.000176791 -0.000200144 -0.000180579 -0.000163562 -0.000136678 -0.000111034 -0.000101866 -7.2014e-05 -5.4718e-05 -4.74359e-05 -2.06193e-05 -3.78931e-06 -1.96965e-06 -1.74669e-06 -9.6086e-07 
-0.000139963 -0.00015372 -0.000175219 -0.000187843 -0.000213014 -0.000258592 -0.000315886 -0.000409052 -0.000496596 -0.000601271 -0.000671706 -0.000635892 -0.000572147 -0.000496475 -0.000416159 -0.000323362 -0.000217548 -0.000165605 -8.38685e-05 -4.31289e-05 -1.55189e-05 3.3866e-06 4.91423e-06 8.77004e-06 
-0.000152159 -0.000168874 -0.000200544 -0.000268055 -0.000337678 -0.000417384 -0.000543352 -0.000725275 -0.00087798 -0.00103915 -0.00119433 -0.00124506 -0.00115417 -0.00102259 -0.000845415 -0.000670873 -0.000438819 -0.000271035 -0.000181222 -0.000151276 -0.000129473 -0.000106595 -0.000112493 -0.000108926 
-0.000161078 -0.000182364 -0.000227438 -0.000289119 -0.00034597 -0.000442954 -0.000562857 -0.000732138 -0.000934653 -0.00111806 -0.00125657 -0.00132699 -0.0013096 -0.00125768 -0.0011438 -0.000936499 -0.000687899 -0.000461307 -0.000375911 -0.000343762 -0.000363483 -0.00032378 -0.000315613 -0.000312284 
-0.000135784 -0.000161096 -0.000207514 -0.000267663 -0.000338164 -0.000419041 -0.000536332 -0.000682027 -0.00090283 -0.00112799 -0.00129989 -0.00143612 -0.00149057 -0.00147793 -0.00136956 -0.00117468 -0.000934242 -0.000665455 -0.000538747 -0.000546521 -0.000556811 -0.000545406 -0.000486459 -0.000440158 
-0.000110652 -0.000134431 -0.000169387 -0.000226311 -0.000298314 -0.000418431 -0.000595319 -0.000782235 -0.00108064 -0.00134265 -0.00153998 -0.00165013 -0.00163585 -0.00158732 -0.00150919 -0.00133799 -0.00109501 -0.00085558 -0.000742632 -0.000722883 -0.000758292 -0.00076196 -0.000673775 -0.000626714 
-7.35369e-05 -8.94909e-05 -9.58955e-05 -0.000125517 -0.000224559 -0.00039066 -0.000537488 -0.000678027 -0.00100131 -0.00131601 -0.00154206 -0.0016638 -0.00168429 -0.00164901 -0.00154436 -0.00135675 -0.00113978 -0.000933707 -0.000849327 -0.000816323 -0.00082532 -0.000837316 -0.000764743 -0.000669698 
-6.44083e-05 -7.99089e-05 -9.31825e-05 -0.000114498 -0.000225299 -0.000386391 -0.000516591 -0.000653837 -0.000934385 -0.00126789 -0.00147324 -0.00155665 -0.00157993 -0.00159671 -0.00154944 -0.00136443 -0.00110657 -0.000935688 -0.00086753 -0.000889076 -0.000901066 -0.000911363 -0.000869785 -0.000763281 
-7.7398e-05 -0.000100691 -0.000109685 -0.000133121 -0.000210192 -0.000323953 -0.00046432 -0.000649414 -0.000914193 -0.00121802 -0.00141783 -0.00146639 -0.00149082 -0.0015095 -0.0014797 -0.00137129 -0.00118555 -0.0010081 -0.000984574 -0.00105269 -0.00111202 -0.00106494 -0.000970069 -0.000862743 
-7.73333e-05 -9.66669e-05 -0.000103411 -9.21349e-05 -0.000130527 -0.000226553 -0.000363659 -0.00052165 -0.000713927 -0.000990759 -0.00121175 -0.00131948 -0.00138339 -0.00139466 -0.00137722 -0.00135342 -0.00125867 -0.00115329 -0.00114093 -0.00119691 -0.00123889 -0.00119013 -0.00104636 -0.000880884 
-5.11549e-05 -5.90304e-05 -7.08555e-05 -7.45217e-05 -0.00010876 -0.000213947 -0.000344797 -0.000481271 -0.000652303 -0.000895646 -0.00109972 -0.00122076 -0.00128612 -0.00131869 -0.00132806 -0.00128007 -0.00121858 -0.00118217 -0.00119199 -0.00121637 -0.00123028 -0.00117694 -0.00104687 -0.000873776 
-4.79593e-05 -4.8805e-05 -6.57324e-05 -9.09749e-05 -0.000172705 -0.000326423 -0.000532848 -0.000706474 -0.000915938 -0.00110641 -0.0012149 -0.00124045 -0.00124344 -0.00120929 -0.00118657 -0.00113826 -0.00104675 -0.00103017 -0.0010805 -0.00113451 -0.00114918 -0.00109129 -0.000958654 -0.000794341 
-2.30006e-05 -2.43578e-05 -8.53505e-05 -0.000178679 -0.000278843 -0.000438925 -0.000584478 -0.000715545 -0.000874866 -0.000990045 -0.00099993 -0.00104388 -0.00104921 -0.00102298 -0.000976755 -0.000884396 -0.000816671 -0.000823812 -0.000846086 -0.000870274 -0.000878454 -0.000826779 -0.000730385 -0.000615921 
-3.14957e-05 -9.97959e-05 -0.00019185 -0.000309514 -0.000432919 -0.000557266 -0.000670031 -0.000776693 -0.00084592 -0.000890773 -0.000945678 -0.00101333 -0.00100992 -0.00096337 -0.000924592 -0.000867071 -0.000806156 -0.000760205 -0.000749778 -0.000741816 -0.00072083 -0.000665955 -0.000577047 -0.000481136 
-0.000139002 -0.000227387 -0.000321875 -0.000421764 -0.000548274 -0.000661181 -0.000776421 -0.000906156 -0.000961852 -0.00101864 -0.00109226 -0.00111245 -0.00104914 -0.000968132 -0.000894564 -0.000851373 -0.000820706 -0.00080695 -0.000812935 -0.000804411 -0.000781984 -0.000730073 -0.000632759 -0.000519976 
-0.000183527 -0.000270995 -0.000393342 -0.000515754 -0.000630809 -0.000753631 -0.000887373 -0.000940649 -0.000998172 -0.00108735 -0.0011501 -0.00110868 -0.00103313 -0.000974793 -0.000935069 -0.000910415 -0.0008902 -0.000865033 -0.000842491 -0.000831387 -0.000808923 -0.000748481 -0.000630476 -0.000501161 
-0.000217128 -0.000333778 -0.000453873 -0.000583045 -0.000733725 -0.000871988 -0.000896499 -0.000954481 -0.00102525 -0.00111198 -0.00106014 -0.00101314 -0.00095945 -0.000963508 -0.00095646 -0.000937634 -0.00091357 -0.000884546 -0.000837622 -0.000788338 -0.000733728 -0.000660874 -0.000557086 -0.000444191 
-0.000278683 -0.000372392 -0.000472221 -0.000631871 -0.000762378 -0.000818754 -0.000874238 -0.000915691 -0.00102269 -0.000966823 -0.000936482 -0.00093548 -0.000951345 -0.00095792 -0.000954089 -0.000918784 -0.000874003 -0.000829343 -0.000772647 -0.000714137 -0.000651142 -0.000568729 -0.000462937 -0.000356308 
-0.000326415 -0.00043794 -0.000613219 -0.000720561 -0.000801343 -0.000854539 -0.0008832 -0.000951739 -0.000885382 -0.000882184 -0.00093933 -0.000973549 -0.000953003 -0.000927501 -0.0009069 -0.000873155 -0.000842899 -0.000824222 -0.000772415 -0.000701664 -0.000623916 -0.00052567 -0.000420003 -0.00032475 
-0.000437366 -0.000611029 -0.000755996 -0.000856627 -0.000919006 -0.000922987 -0.000918325 -0.000867933 -0.000873006 -0.000934258 -0.000980237 -0.000971803 -0.000985897 -0.000949876 -0.000899848 -0.000889897 -0.0008757 -0.000856763 -0.000813929 -0.000759593 -0.000677575 -0.000572141 -0.000464981 -0.000371972 
-0.000549358 -0.000669948 -0.000801641 -0.00087803 -0.000921466 -0.000923292 -0.000881307 -0.000887881 -0.000928113 -0.000963839 -0.000951524 -0.000983455 -0.00098249 -0.000970938 -0.000963527 -0.000966165 -0.000947326 -0.000899924 -0.000791576 -0.00069485 -0.000610952 -0.000520652 -0.000429622 -0.000335484 
-0.000543366 -0.000663734 -0.000765656 -0.00083466 -0.000858831 -0.000851249 -0.000837964 -0.000869549 -0.000943544 -0.000939093 -0.000973147 -0.00100781 -0.00100828 -0.000976697 -0.000948981 -0.000917024 -0.000853136 -0.000747996 -0.000636937 -0.000559903 -0.000495972 -0.000422487 -0.000337532 -0.000252529 
-0.000553376 -0.000659359 -0.000742693 -0.000785262 -0.000772033 -0.000731901 -0.000782722 -0.000853209 -0.000885989 -0.00100053 -0.00107536 -0.00109436 -0.0010706 -0.00103259 -0.000974692 -0.000862132 -0.000736459 -0.000615812 -0.000537946 -0.000477438 -0.000437013 -0.000388193 -0.000329078 -0.000261987 
-0.000641709 -0.000739427 -0.000790339 -0.000761634 -0.000683034 -0.000701507 -0.000741344 -0.000823839 -0.000983523 -0.00109642 -0.0011628 -0.00117003 -0.00112831 -0.00106457 -0.000959306 -0.000789462 -0.000622283 -0.000515339 -0.00047419 -0.000454395 -0.000442341 -0.000414416 -0.000354541 -0.000297137 
-0.000606738 -0.000680319 -0.0007626 -0.000776809 -0.000774951 -0.00077553 -0.000878412 -0.00104075 -0.00111157 -0.00114826 -0.00115749 -0.00114754 -0.00109494 -0.000990608 -0.000862028 -0.000683331 -0.000542648 -0.000467581 -0.000437382 -0.000469188 -0.00050813 -0.00049355 -0.000453817 -0.000420231 
-0.00050482 -0.000617943 -0.000696732 -0.00077812 -0.00079615 -0.000829125 -0.00105034 -0.00112825 -0.00113632 -0.00111889 -0.00110173 -0.00108254 -0.00101668 -0.000910189 -0.000758673 -0.000604684 -0.000497313 -0.000424824 -0.000418571 -0.000443856 -0.00047949 -0.000528158 -0.000515846 -0.00047264 
-0.000438831 -0.000535794 -0.000649846 -0.00072205 -0.000697611 -0.000923841 -0.00106352 -0.00110366 -0.00108574 -0.00106333 -0.00104449 -0.00101847 -0.000958117 -0.000850465 -0.000705753 -0.000572447 -0.000473919 -0.000413814 -0.000407485 -0.000446577 -0.000558887 -0.000598199 -0.000565032 -0.000499675 
-0.000383754 -0.000486693 -0.000562834 -0.000606631 -0.000759604 -0.000945078 -0.00102218 -0.00102787 -0.00100407 -0.00098601 -0.000971304 -0.000949417 -0.000893839 -0.000805871 -0.000675107 -0.000553661 -0.000459059 -0.000407225 -0.000430137 -0.00052023 -0.000587755 -0.000628545 -0.000620709 -0.000548898 
-0.000367948 -0.000446066 -0.000524786 -0.000663783 -0.000829131 -0.000932374 -0.000968245 -0.000954418 -0.000930125 -0.000908002 -0.000888673 -0.000865642 -0.000830413 -0.000761412 -0.000652044 -0.000555491 -0.000477896 -0.000458205 -0.000499418 -0.00052177 -0.000563129 -0.000591034 -0.00056686 -0.000497302 
-0.000331393 -0.000442889 -0.00059134 -0.000749528 -0.000866084 -0.000913889 -0.000919958 -0.00090442 -0.000879218 -0.000852215 -0.000830142 -0.000806611 -0.000780217 -0.000722175 -0.000636515 -0.000564596 -0.00052596 -0.000530099 -0.000547862 -0.000553682 -0.000548929 -0.000501964 -0.000432412 -0.00031729 
-0.000379896 -0.000535086 -0.000675468 -0.000807614 -0.000876544 -0.000895572 -0.000890019 -0.000874962 -0.000849347 -0.000818865 -0.00079451 -0.000765851 -0.000733763 -0.000679714 -0.000613052 -0.000563634 -0.000566332 -0.000595373 -0.000606341 -0.000592093 -0.000542672 -0.000453779 -0.000354057 -0.000283779 
-0.000463539 -0.000610111 -0.000740039 -0.000827965 -0.000860498 -0.000871794 -0.000874322 -0.000861957 -0.000841866 -0.00081668 -0.000784895 -0.00074704 -0.000696729 -0.000642849 -0.000601573 -0.000582101 -0.000628191 -0.000702844 -0.000715474 -0.000668871 -0.000567912 -0.000490414 -0.000374748 -0.000268667 
-0.000475788 -0.000601914 -0.000728281 -0.000822961 -0.000876521 -0.000904507 -0.000924412 -0.00092505 -0.000908061 -0.00087131 -0.0008178 -0.000762804 -0.00071949 -0.000675632 -0.000643717 -0.000644427 -0.000703832 -0.000750881 -0.000742884 -0.000651192 -0.000568839 -0.000451217 -0.000333625 -0.00024277 
-0.000503508 -0.000630952 -0.00076622 -0.000876937 -0.000926617 -0.000934639 -0.000945464 -0.000951149 -0.000948707 -0.000921057 -0.00086762 -0.00081729 -0.000790333 -0.000765632 -0.000749694 -0.000734663 -0.000763187 -0.00078218 -0.000678496 -0.000618841 -0.000517235 -0.000409719 -0.000298337 -0.000200463 
-0.000460444 -0.000594608 -0.000737039 -0.000853447 -0.000922553 -0.000946051 -0.00096127 -0.000965542 -0.000959161 -0.00093279 -0.000889181 -0.000847875 -0.000815841 -0.000792555 -0.000769757 -0.000740738 -0.000742961 -0.000683903 -0.000610441 -0.00054109 -0.000456078 -0.000358668 -0.000242515 -0.000153122 
-0.000363982 -0.000472286 -0.000594037 -0.000698691 -0.000767111 -0.000800878 -0.0008237 -0.000830932 -0.000832723 -0.000813725 -0.000785494 -0.000762122 -0.000728551 -0.000697414 -0.000663257 -0.000611728 -0.000577699 -0.000503494 -0.000475405 -0.000407201 -0.000325894 -0.00024271 -0.000177754 -0.000129446 
-0.000188842 -0.000267997 -0.000359851 -0.000434271 -0.000488464 -0.000523711 -0.000535043 -0.000546747 -0.000547771 -0.000534051 -0.000518311 -0.000495979 -0.000467038 -0.000438405 -0.00042045 -0.000395154 -0.000396565 -0.000387301 -0.000334216 -0.000298102 -0.000239836 -0.000168321 -0.000120842 -8.10672e-05 
-9.32691e-05 -0.000127924 -0.000158662 -0.000180757 -0.000208006 -0.000236895 -0.000259008 -0.000268996 -0.000261536 -0.000257747 -0.000270718 -0.000294254 -0.000303668 -0.000283239 -0.000257656 -0.000265829 -0.00026127 -0.000248254 -0.000206111 -0.000163229 -0.000110086 -7.19319e-05 -4.80498e-05 -3.06128e-05 
-9.25245e-05 -0.000123729 -0.000131454 -0.000119658 -0.000126308 -0.000146381 -0.000167408 -0.00017519 -0.000178595 -0.000178407 -0.000218205 -0.000272763 -0.000293277 -0.000277184 -0.000247487 -0.00019266 -0.000148984 -0.000138305 -0.000100391 -7.18344e-05 -3.50785e-05 -1.58741e-05 -1.01138e-05 -4.05938e-06 
