2.84648e-05 3.23376e-05 3.50741e-05 3.78727e-05 1.71481e-05 -2.36819e-05 -4.74249e-05 -0.000105271 -0.000149958 -0.000172485 -0.000185857 -0.000184038 -0.000181322 -0.000177021 -0.000162998 -0.000143435 -0.000121917 -8.9387e-05 -5.26288e-05 -1.9799e-05 -8.90325e-06 -5.52053e-06 -7.06944e-06 -9.27065e-06 
7.59375e-05 8.8864e-05 0.00010231 0.000109689 8.64513e-05 2.2075e-05 -4.33786e-05 -8.60227e-05 -0.000105887 -8.81104e-05 -7.78162e-05 -7.61015e-05 -6.30523e-05 -3.84385e-05 -1.74389e-05 -1.97282e-05 -3.47745e-05 -3.74833e-05 -5.90414e-05 -7.28439e-05 -7.8303e-05 -7.82212e-05 -7.59262e-05 -7.4016e-05 
0.000127613 0.000143204 0.000165834 0.000200129 0.000157673 0.000108631 8.54962e-05 9.98713e-05 0.000132471 0.000194205 0.000221653 0.000173315 0.000145497 0.000108189 6.73877e-05 2.31422e-05 -7.41113e-06 -1.74431e-05 -3.01048e-05 -7.76681e-05 -0.000114299 -0.00010615 -9.63868e-05 -9.88359e-05 
0.000161918 0.000185778 0.000203455 0.000251076 0.000223637 0.000194904 0.000237986 0.000288699 0.000329218 0.000359136 0.000367943 0.000345755 0.000271339 0.000216085 0.000165678 9.34465e-05 -2.06711e-06 -3.38577e-05 -2.06788e-05 -1.13811e-05 -2.75525e-05 -4.83357e-05 -5.09438e-05 -4.18921e-05 
0.000186195 0.000215581 0.00024592 0.000268589 0.000248298 0.000220642 0.000236825 0.000279107 0.00034328 0.000390342 0.000408246 0.000359715 0.000273936 0.00021182 0.000170527 8.27609e-05 9.55538e-06 -5.69268e-05 -4.53029e-05 -2.45781e-05 -4.16901e-05 -4.72351e-05 -3.82271e-05 -2.17723e-05 
0.00014087 0.000160713 0.00015847 0.000155737 0.000173398 0.000184399 0.00025143 0.000362965 0.000493502 0.000626828 0.000668192 0.0006039 0.000505165 0.000382259 0.000248671 0.000163908 4.97096e-05 -3.76689e-05 -6.54167e-05 1.56529e-05 3.06476e-05 4.58248e-05 1.77715e-05 -1.99699e-05 
7.15208e-05 7.75252e-05 7.78392e-05 7.54759e-05 0.000143236 0.000266683 0.000350217 0.000395578 0.000510533 0.000634218 0.000651498 0.000567341 0.000424094 0.000330765 0.000204168 9.93145e-05 -8.68999e-06 -9.11767e-05 -0.000101771 -4.05173e-05 4.15145e-05 8.43295e-05 9.68694e-05 4.52568e-05 
5.86715e-05 6.68388e-05 8.34351e-05 0.000119532 0.000212759 0.000291159 0.000336749 0.000380405 0.000469116 0.00049611 0.000421433 0.000293136 0.000208506 0.000121832 3.07435e-05 -0.000178594 -0.000314665 -0.000364783 -0.000307393 -0.000185876 -7.25318e-05 4.95621e-05 0.000116913 0.000147401 
8.93752e-05 0.000109255 0.000136479 0.000196773 0.000313418 0.000416958 0.000454657 0.000483596 0.000450931 0.000353668 0.000261052 0.000107626 -5.67251e-05 -0.000163934 -0.000251604 -0.00046056 -0.000626856 -0.000618007 -0.000542448 -0.000372955 -0.000233049 -7.5876e-05 5.6352e-05 0.000118842 
5.18376e-05 6.34307e-05 8.44293e-05 0.000153765 0.000246206 0.000282198 0.000287779 0.000297158 0.000285827 0.000145434 3.66384e-05 -0.000103341 -0.000227127 -0.000376932 -0.000508435 -0.000653823 -0.000758032 -0.000788096 -0.000738771 -0.000619252 -0.000467187 -0.000361257 -0.000225574 -0.000106999 
1.17807e-05 1.25603e-05 2.39127e-05 4.73486e-05 8.26235e-05 0.00010971 0.000178697 0.000210578 0.000191424 0.000138316 7.16082e-06 -0.000104657 -0.000270106 -0.000464115 -0.00060683 -0.000674901 -0.000689173 -0.000699516 -0.000660003 -0.000625984 -0.00061609 -0.000573647 -0.000477962 -0.000342267 
-2.3906e-05 -3.09951e-05 -3.17557e-05 -3.00657e-05 -2.67669e-05 3.60496e-05 0.000129188 0.000220528 0.000236531 0.000183318 5.31853e-05 -9.04033e-05 -0.000252912 -0.000414602 -0.000512002 -0.000521554 -0.000515173 -0.000504088 -0.000484417 -0.000477715 -0.000483967 -0.000476173 -0.000423039 -0.000357421 
-7.31772e-06 -1.58211e-05 3.4445e-06 1.18722e-05 8.01968e-05 0.000183405 0.000253505 0.000274705 0.00028289 0.000197134 4.20464e-05 -0.000120228 -0.000259393 -0.000373143 -0.000402884 -0.000372244 -0.000337906 -0.00029711 -0.000269967 -0.00026952 -0.000278479 -0.000274197 -0.000254306 -0.000236717 
1.36201e-05 1.90563e-05 2.25263e-05 7.4177e-05 0.000166557 0.000228442 0.000222834 0.00017721 9.9403e-05 -3.54476e-05 -0.000170939 -0.00022467 -0.000293563 -0.000351559 -0.000365916 -0.000330627 -0.000292028 -0.000274656 -0.000295511 -0.000330943 -0.000354702 -0.00034795 -0.000317903 -0.000271808 
2.60133e-05 4.63157e-05 8.4685e-05 0.000122863 0.000140229 0.000139546 7.49164e-05 -6.87748e-05 -0.000211051 -0.000319331 -0.000327184 -0.000310298 -0.00031326 -0.00033703 -0.000345965 -0.000340928 -0.000341086 -0.000375045 -0.000403414 -0.00043996 -0.000452555 -0.000427585 -0.000381542 -0.000328215 
5.41354e-05 0.000100262 0.000125225 0.000126892 6.07303e-05 -3.6813e-05 -0.00018725 -0.000315681 -0.00045785 -0.000468081 -0.000390915 -0.000301419 -0.000255386 -0.000241424 -0.000273522 -0.000304239 -0.000323792 -0.00035222 -0.00038117 -0.00039675 -0.00039039 -0.0003424 -0.000286735 -0.000236299 
7.81842e-05 0.000119819 0.000102917 -3.66499e-06 -0.000124777 -0.000258743 -0.00038773 -0.000507175 -0.000553171 -0.000476751 -0.000368757 -0.00029195 -0.000258553 -0.000272358 -0.000285109 -0.000269723 -0.00024514 -0.000223817 -0.000207614 -0.000189209 -0.000167116 -0.00014016 -0.000116979 -9.88491e-05 
5.27473e-05 2.49323e-05 -8.57749e-05 -0.000232681 -0.000351446 -0.000441207 -0.000535346 -0.000581348 -0.000470142 -0.000352779 -0.000329797 -0.0002943 -0.000292395 -0.000284387 -0.000259619 -0.000251516 -0.000227954 -0.000188811 -0.000154609 -0.000129938 -0.000106869 -8.77693e-05 -7.07266e-05 -5.03429e-05 
3.63258e-05 -8.06845e-05 -0.000237199 -0.000349297 -0.000412517 -0.000493248 -0.000499554 -0.000354893 -0.000231608 -0.000274632 -0.000308188 -0.00031965 -0.000313121 -0.000298317 -0.000278175 -0.000252977 -0.000233187 -0.000213021 -0.00019175 -0.000166563 -0.000146222 -0.000124722 -9.55114e-05 -6.94085e-05 
-5.35751e-05 -0.000210467 -0.000323766 -0.000390801 -0.000439278 -0.000379749 -0.000279431 -0.00015562 -0.000179849 -0.000247627 -0.000286709 -0.000290528 -0.000294307 -0.000290557 -0.000251762 -0.000192595 -0.000116159 -5.58121e-05 -2.99879e-05 -2.50263e-05 -1.82651e-05 2.31449e-07 1.10346e-05 1.13062e-05 
-0.000197063 -0.000306011 -0.000369422 -0.000389854 -0.000304809 -0.000220649 -0.000139205 -0.000168016 -0.000198891 -0.000234456 -0.000281446 -0.000323563 -0.000264517 -0.000207991 -0.000151682 -0.000101403 -2.64702e-05 1.92319e-05 4.28047e-05 3.78422e-05 2.64867e-05 1.33792e-05 2.26283e-06 -1.25679e-05 
-0.00029662 -0.000357412 -0.000345297 -0.000250555 -0.00015748 -7.89462e-05 -9.9136e-05 -0.000160858 -0.000181481 -0.000230437 -0.000270956 -0.000208711 -0.000178047 -0.000138364 -4.87711e-05 2.97962e-05 4.95652e-05 6.09846e-05 6.92176e-05 6.79318e-05 4.09222e-05 1.5542e-05 -8.21173e-06 -1.64844e-05 
-0.000318226 -0.000291142 -0.000183391 -6.67185e-05 9.71289e-06 1.38096e-06 -0.000110158 -0.000126195 -0.000173497 -0.000239256 -0.000177895 -0.000151793 -0.00013314 -7.22067e-05 -1.40195e-05 2.36786e-05 6.15529e-05 0.000109373 0.000134309 0.000128205 0.000110737 8.20343e-05 5.75812e-05 4.69693e-05 
-0.000193093 -0.000122822 -3.05826e-05 2.75397e-05 -7.83798e-06 -0.000119386 -0.00013473 -0.00014525 -0.000174418 -0.000155989 -0.000112171 -7.62855e-05 -6.29312e-05 -2.29928e-05 1.47252e-05 4.29328e-05 8.94376e-05 0.000135636 0.000143503 0.000137581 0.000122579 0.000104119 7.98288e-05 6.62481e-05 
-5.90893e-05 -8.36385e-06 7.50647e-06 -6.56983e-05 -0.000208862 -0.000233717 -0.000221844 -0.000199954 -0.000138003 -8.08798e-05 -2.95451e-05 2.25824e-06 9.87273e-06 2.36187e-05 4.44074e-05 8.32465e-05 0.000153342 0.000198333 0.000186467 0.000169954 0.000168227 0.000162145 0.000147563 0.000132236 
-8.06833e-06 -8.22898e-06 -7.2692e-05 -0.000215842 -0.000261633 -0.000260705 -0.000190778 -9.77191e-05 -3.33596e-05 2.81374e-05 7.84614e-05 9.81667e-05 0.000112477 0.00013017 0.000156352 0.000194388 0.000236395 0.000237093 0.000216458 0.000188376 0.000183357 0.000215188 0.000196851 0.000146661 
-8.75454e-06 -4.87737e-05 -0.000153134 -0.000225632 -0.000251546 -0.000150544 -4.33108e-05 2.6823e-05 7.64401e-05 0.000113371 0.000147144 0.000168072 0.000171966 0.000182323 0.000221347 0.000260816 0.000269283 0.000237622 0.000206975 0.000193164 0.000236353 0.000197258 0.000125359 5.04483e-05 
-3.62264e-05 -7.68367e-05 -0.000127961 -0.00019172 -0.000163778 -4.64902e-05 5.63266e-05 0.000100306 0.000123603 0.00014074 0.00015774 0.000172742 0.000175777 0.000179863 0.000223093 0.000262599 0.000260566 0.000230304 0.000186206 0.000223761 0.000188893 8.84673e-05 -1.55957e-06 -3.17463e-05 
-4.86888e-05 -8.24085e-05 -0.00013381 -0.000172197 -8.15834e-05 4.33324e-05 0.000122137 0.000150861 0.000156172 0.000163431 0.000171094 0.000170154 0.000153969 0.000167214 0.000198288 0.000243843 0.000253129 0.000213313 0.00019456 0.000225105 0.000163496 4.2635e-05 -1.52298e-05 -3.3791e-05 
-5.79756e-05 -0.000100288 -0.000122865 -8.81288e-05 -4.43391e-07 9.44724e-05 0.000157639 0.000174953 0.000167521 0.000163734 0.000163118 0.000156885 0.000153585 0.000156662 0.000180809 0.00022405 0.000224789 0.000172011 0.000176162 0.000174355 4.26535e-05 -3.96142e-05 -5.28591e-05 -6.62601e-05 
-9.67422e-05 -8.35446e-05 -6.45469e-05 -2.47531e-05 4.86775e-05 0.000118701 0.000159279 0.000168616 0.000158182 0.000148783 0.000146492 0.000151292 0.000158244 0.000160734 0.000175339 0.000204346 0.000190447 0.000148096 0.000162399 0.000108917 2.03495e-05 -1.56101e-05 -2.75043e-06 1.11364e-05 
-3.18992e-05 -2.52061e-05 -1.59453e-05 2.22283e-05 6.98039e-05 0.000115135 0.000137664 0.000142364 0.000140332 0.000140397 0.000143943 0.000146187 0.000152634 0.000159899 0.000176605 0.0001871 0.000167693 0.000137734 0.000155052 0.000148463 0.000129536 0.000102673 0.000117197 0.000124875 
1.52823e-05 3.24761e-05 5.08747e-05 7.57455e-05 9.77966e-05 0.000111027 0.000110106 0.000108545 0.000121821 0.000138288 0.000148279 0.000150248 0.00015359 0.000162221 0.000170442 0.000164934 0.000135833 0.00010406 0.000103733 0.00013024 0.000145692 0.000232374 0.000301083 0.000319255 
7.18035e-05 9.18163e-05 0.000101294 0.000116072 0.000124516 0.000120226 0.000111829 0.000107555 0.000116088 0.00013832 0.000162797 0.000176134 0.000175734 0.000175364 0.000176573 0.000159361 0.000113177 5.28467e-05 3.80355e-05 9.28813e-05 0.000194185 0.000291797 0.000341042 0.000329576 
9.06318e-05 0.000112868 0.000122317 0.000130145 0.000127784 0.000110929 0.000102316 9.6974e-05 9.83064e-05 0.000127024 0.00017044 0.000190099 0.000184273 0.000167769 0.000140728 0.000101385 1.63901e-06 -8.05429e-05 -9.50056e-05 -3.40791e-05 8.70489e-05 0.000179346 0.000215781 0.000190539 
2.54591e-05 5.29444e-05 6.30833e-05 6.6615e-05 8.00015e-05 6.44947e-05 3.714e-05 1.93277e-05 1.52808e-05 3.05529e-05 6.98307e-05 9.36118e-05 0.000103806 0.000101497 5.96938e-05 -3.08362e-05 -0.000113146 -0.000194851 -0.000199189 -0.000152156 -9.22965e-05 -7.05761e-06 3.01249e-05 4.53827e-05 
-6.27176e-05 -6.04871e-05 -7.71109e-05 -9.38047e-05 -0.000103169 -9.8132e-05 -0.000107455 -0.000120598 -0.000119803 -8.58192e-05 -4.27601e-05 9.16379e-07 1.31983e-05 1.44763e-05 -2.31829e-05 -0.000101235 -0.000208481 -0.000281321 -0.000265067 -0.000216019 -0.000191538 -0.000160595 -0.00011641 -6.64824e-05 
-3.08279e-05 -3.42646e-05 -4.00993e-05 -3.44093e-05 -3.63882e-05 -4.77564e-05 -6.04018e-05 -6.04131e-05 -4.11417e-05 -1.58979e-05 -9.10554e-07 -2.04584e-06 -2.18593e-05 -2.7588e-05 -5.31333e-05 -0.000112201 -0.00021149 -0.000247913 -0.000235202 -0.000207441 -0.000193507 -0.000158062 -0.000116979 -7.00465e-05 
-8.14579e-05 -9.75802e-05 -0.000123044 -0.00011827 -9.68519e-05 -6.93424e-05 -5.31907e-05 -3.14882e-05 -8.74197e-06 1.55814e-05 1.95972e-05 -2.85323e-06 -3.04851e-05 -3.31773e-05 -6.33209e-05 -9.87999e-05 -0.000160417 -0.000149154 -0.000152299 -0.000136624 -0.000111168 -7.26104e-05 -3.63946e-05 -2.19418e-06 
-0.000105258 -0.000127818 -0.000130036 -0.000104352 -6.24418e-05 -2.11285e-05 -4.37336e-06 1.05709e-05 2.43629e-05 2.5926e-05 -4.41609e-06 -6.05112e-05 -9.20005e-05 -9.62271e-05 -0.000109506 -0.000118424 -8.14985e-05 -7.20819e-05 -7.4665e-05 -5.3403e-05 -3.94898e-05 -2.64327e-05 -7.23778e-06 8.3091e-06 
