1.53723e-07 -1.44176e-06 -8.71687e-06 -2.50452e-05 -5.12619e-05 -9.88963e-05 -7.77404e-05 -5.20376e-05 -6.06158e-05 -7.08422e-05 -8.34815e-05 -8.53619e-05 -7.62228e-05 -6.57029e-05 -5.68827e-05 -4.10135e-05 -2.16542e-05 -2.57977e-06 2.20603e-06 -9.7793e-06 -1.64924e-05 -1.49187e-05 -1.3104e-05 -1.13203e-05 
-1.3289e-05 -1.45339e-05 -2.61424e-05 -4.15956e-05 -6.27586e-05 -0.000114781 -0.000159463 -0.000150007 -0.000156232 -0.000177765 -0.00020098 -0.000201009 -0.000191406 -0.000183948 -0.000170038 -0.000155849 -0.000130888 -0.000104042 -5.29786e-05 -7.92561e-06 3.49004e-06 -1.03153e-06 -1.8247e-06 -3.54436e-06 
-7.01227e-06 -8.5397e-06 -2.94048e-05 -6.36299e-05 -6.8419e-05 -0.000102433 -0.000141982 -0.000176156 -0.000201174 -0.000246923 -0.000271673 -0.000258004 -0.000264386 -0.000280412 -0.000270911 -0.000235108 -0.000197003 -0.000187092 -0.000155826 -9.91002e-05 -4.09434e-05 -2.91163e-05 -2.99805e-05 -2.98465e-05 
-2.01355e-05 -2.63274e-05 -3.94657e-05 -7.65101e-05 -9.77213e-05 -0.000131277 -0.000192041 -0.000238209 -0.000286146 -0.000327755 -0.00038199 -0.000421871 -0.000384381 -0.000342476 -0.000292175 -0.00026706 -0.000253364 -0.000228444 -0.000214094 -0.000183889 -0.000131729 -7.69932e-05 -5.90297e-05 -4.94879e-05 
-1.84371e-06 -4.95945e-06 -2.82759e-05 -7.95648e-05 -0.000108058 -0.000126062 -0.000140183 -0.000194979 -0.000302693 -0.000355496 -0.000372356 -0.000392927 -0.000412883 -0.000405541 -0.000365653 -0.000304036 -0.000282422 -0.000267246 -0.000266301 -0.00025059 -0.000201449 -0.00013289 -8.91362e-05 -6.22209e-05 
-3.53306e-06 -8.76499e-06 -2.23715e-05 -6.8597e-05 -0.000130551 -0.000176349 -0.000222824 -0.000289095 -0.000400112 -0.000475569 -0.000491627 -0.00049191 -0.000509613 -0.000498824 -0.000444945 -0.000381922 -0.000346877 -0.000339495 -0.000316613 -0.000313925 -0.000284657 -0.000202803 -0.000143407 -0.00010303 
-2.30322e-05 -3.33733e-05 -5.86721e-05 -0.00011577 -0.000183914 -0.000232748 -0.000293737 -0.000396091 -0.000561416 -0.000681269 -0.000728825 -0.000704621 -0.000664068 -0.000622458 -0.000551142 -0.000457669 -0.000320456 -0.000313731 -0.000320847 -0.000321859 -0.000302099 -0.000263814 -0.000200335 -0.000169936 
-2.53132e-05 -3.71036e-05 -6.0157e-05 -0.000117335 -0.000191592 -0.000271827 -0.000343087 -0.000447799 -0.000633963 -0.000785364 -0.00083436 -0.000786669 -0.000743078 -0.000706746 -0.000587465 -0.000369095 -0.000214575 -0.000152333 -0.000168904 -0.000180824 -0.000195007 -0.000211755 -0.000194738 -0.000163034 
-4.46943e-05 -5.26674e-05 -7.64835e-05 -0.000132527 -0.000235825 -0.000333506 -0.000405229 -0.0004995 -0.000691549 -0.000812192 -0.000844385 -0.000822808 -0.000783307 -0.000721251 -0.000613877 -0.00040687 -0.000169428 -2.14441e-05 -4.34909e-05 -9.08068e-06 4.19931e-05 3.06662e-05 -2.61753e-05 -4.43931e-05 
-7.30812e-05 -9.31162e-05 -0.000117574 -0.000156911 -0.000222942 -0.000289491 -0.000340853 -0.000426202 -0.000615467 -0.000784468 -0.000852296 -0.000836391 -0.000792725 -0.000720361 -0.000626607 -0.000436299 -0.000171873 -1.33598e-05 3.3455e-05 8.79376e-05 0.000138695 0.000161939 0.000115382 5.20551e-05 
-2.98683e-05 -4.15899e-05 -6.38574e-05 -0.000100235 -0.000160582 -0.00021807 -0.000295483 -0.000377844 -0.000506587 -0.000675982 -0.000766596 -0.00073975 -0.000682547 -0.000595313 -0.000494151 -0.000373068 -0.000239283 -0.000107868 -3.3542e-05 5.31532e-05 0.000146535 0.000186029 0.000182392 0.000167903 
2.25132e-06 -5.84286e-07 -1.57566e-05 -5.4924e-05 -0.000125104 -0.000198492 -0.000271487 -0.000331098 -0.00042233 -0.000555398 -0.000603936 -0.000559232 -0.000498335 -0.000430773 -0.000380604 -0.000316149 -0.000210877 -0.000168222 -0.000130083 -6.07291e-05 6.39733e-06 6.70662e-05 9.71286e-05 0.000111784 
-9.31189e-06 -2.70734e-05 -6.82508e-05 -0.00011782 -0.000203419 -0.000307088 -0.000386444 -0.000433909 -0.000537799 -0.000604455 -0.000563784 -0.000471656 -0.000390428 -0.000321153 -0.000253417 -0.000203776 -0.000142366 -0.00013565 -0.000135209 -0.000114591 -9.602e-05 -8.08089e-05 -6.96262e-05 -4.26486e-05 
-4.77514e-05 -7.92473e-05 -0.000101873 -0.00017683 -0.000255162 -0.000296652 -0.00032392 -0.000313235 -0.000351206 -0.000361453 -0.000311255 -0.000314396 -0.000249937 -0.000181466 -0.000150091 -0.000129996 -0.000136471 -0.00016471 -0.000205884 -0.000236021 -0.000236053 -0.00021306 -0.000182583 -0.000154039 
-6.14272e-05 -7.77368e-05 -0.000163758 -0.000250937 -0.000272705 -0.000278603 -0.000262044 -0.000236656 -0.000221762 -0.000206099 -0.000187862 -0.00018439 -0.000154062 -0.000137146 -0.000148966 -0.000167926 -0.000200554 -0.000235634 -0.000263227 -0.000271744 -0.000279359 -0.000263303 -0.00023156 -0.000193877 
-7.30211e-05 -0.000166767 -0.000232105 -0.00024673 -0.000251856 -0.000252169 -0.000214151 -0.000195272 -0.000150429 -0.000114131 -0.000153043 -0.000177493 -0.000175053 -0.000195691 -0.000215582 -0.000216743 -0.000212818 -0.000208111 -0.000211669 -0.000210525 -0.000196749 -0.000173663 -0.000145547 -0.000117644 
-0.000122894 -0.000169041 -0.000193547 -0.000195418 -0.000169573 -0.000146537 -0.000155852 -0.000121084 -6.26436e-05 -0.000115318 -0.000201002 -0.000247864 -0.000286517 -0.000295486 -0.000298116 -0.000294345 -0.000276439 -0.000262488 -0.000250598 -0.000238928 -0.000223711 -0.000188773 -0.00015164 -0.000114409 
-0.000169955 -0.000177692 -0.000158562 -0.000118309 -9.64005e-05 -0.00011343 -0.000123462 -0.000102937 -0.00015847 -0.000238147 -0.000290735 -0.000355872 -0.00036893 -0.000381888 -0.000384358 -0.000368588 -0.000341085 -0.000306965 -0.000274967 -0.000240913 -0.000206232 -0.000166285 -0.000130528 -0.000100729 
-0.000184946 -0.000143926 -8.33994e-05 -5.53329e-05 -7.50669e-05 -9.96587e-05 -0.000129395 -0.000213299 -0.000342786 -0.000363306 -0.000393306 -0.000443702 -0.000471257 -0.000474881 -0.000470877 -0.000456734 -0.000420023 -0.000378628 -0.000341021 -0.000308235 -0.000272757 -0.000232015 -0.000187388 -0.000145335 
-0.000118056 -7.59154e-05 -6.15956e-05 -6.82435e-05 -5.90053e-05 -9.90243e-05 -0.000173893 -0.000332836 -0.000389238 -0.000399687 -0.000453033 -0.000532144 -0.000555678 -0.000550191 -0.000533691 -0.000515269 -0.000506008 -0.000484882 -0.000453845 -0.000424046 -0.000384624 -0.000321491 -0.000251604 -0.000195937 
-3.27786e-05 -3.98181e-05 -3.7954e-05 -3.6207e-05 -8.94724e-05 -0.000139115 -0.000240854 -0.000305685 -0.000341911 -0.000374382 -0.000472208 -0.000505623 -0.000496646 -0.00047314 -0.0004486 -0.000430962 -0.000412452 -0.000404473 -0.000410859 -0.000412485 -0.000402219 -0.000358207 -0.000296021 -0.000242492 
2.49196e-06 5.18287e-06 -1.34783e-05 -7.39865e-05 -0.000132192 -0.000218558 -0.000274106 -0.000291171 -0.000297128 -0.000385784 -0.000462293 -0.000487684 -0.000479788 -0.000464919 -0.000453514 -0.00047461 -0.00049187 -0.000511424 -0.000527468 -0.000501426 -0.000472244 -0.000414627 -0.000343793 -0.000272279 
2.00457e-05 1.50099e-05 -4.31415e-05 -0.000116724 -0.000213843 -0.000291045 -0.000279688 -0.000293544 -0.000385753 -0.000435857 -0.000511198 -0.000536684 -0.00054178 -0.000532108 -0.000533456 -0.000550663 -0.000565034 -0.000528825 -0.000507217 -0.000496813 -0.000465064 -0.000402038 -0.000323301 -0.000249467 
7.2293e-06 -2.37148e-05 -7.16098e-05 -0.000163397 -0.000256212 -0.000266498 -0.000303962 -0.000382237 -0.000435444 -0.000484927 -0.00050936 -0.000512074 -0.000508076 -0.000518636 -0.000537888 -0.000546776 -0.000532334 -0.000497052 -0.000497266 -0.000481552 -0.000451652 -0.000396079 -0.000326778 -0.000254449 
-5.99747e-05 -0.00010917 -0.000184016 -0.000241596 -0.000260191 -0.000327982 -0.000415351 -0.000494226 -0.00052227 -0.000525152 -0.000519142 -0.000516436 -0.000509949 -0.000517672 -0.000532458 -0.000534423 -0.000493942 -0.000478064 -0.000474238 -0.000451274 -0.000402287 -0.000341885 -0.000268004 -0.000201937 
-0.000110088 -0.000184109 -0.000241054 -0.000231304 -0.000270077 -0.000396524 -0.000508915 -0.000570767 -0.000584664 -0.000592107 -0.000583846 -0.000567796 -0.00055824 -0.000559462 -0.0005619 -0.00052684 -0.000484804 -0.000464114 -0.00043654 -0.000407184 -0.000371357 -0.000304652 -0.00024992 -0.000210263 
-0.000129451 -0.000182131 -0.000185961 -0.000230551 -0.000339896 -0.000500529 -0.000610703 -0.000644395 -0.000650801 -0.000648592 -0.000633809 -0.000608464 -0.000590892 -0.000583654 -0.000553862 -0.000518376 -0.000465214 -0.000424939 -0.000393319 -0.000372725 -0.000335089 -0.000301953 -0.000265747 -0.000225829 
-0.00011993 -0.000154609 -0.000202416 -0.000298603 -0.000428427 -0.000586395 -0.000669758 -0.00068429 -0.000678226 -0.000670741 -0.000658888 -0.000634267 -0.00060642 -0.000583372 -0.000539701 -0.000504695 -0.000442405 -0.0004017 -0.000370183 -0.000336573 -0.000306609 -0.000284045 -0.000270925 -0.000251246 
-0.000137301 -0.000185791 -0.000268213 -0.000353149 -0.000505327 -0.00060657 -0.000669274 -0.000675692 -0.000671768 -0.000658999 -0.000643417 -0.000617766 -0.000581892 -0.000540769 -0.000514999 -0.000481379 -0.000417075 -0.000379953 -0.000361563 -0.000343363 -0.000348919 -0.000360194 -0.000333422 -0.00031079 
-0.00014806 -0.000209052 -0.000298568 -0.000409312 -0.000514358 -0.000586723 -0.000623774 -0.000641599 -0.000641407 -0.000628665 -0.000610084 -0.000584361 -0.000548104 -0.000511332 -0.000487197 -0.000454779 -0.000412069 -0.000381999 -0.000357485 -0.000378088 -0.000408472 -0.000380539 -0.000305497 -0.000232487 
-0.000189946 -0.000266013 -0.00035307 -0.000444329 -0.000508488 -0.000561275 -0.000592446 -0.000604169 -0.000601649 -0.00059291 -0.000579713 -0.000559627 -0.000529019 -0.00049842 -0.000471182 -0.000439356 -0.000407037 -0.000400536 -0.000376264 -0.000382021 -0.000395337 -0.000306784 -0.000234351 -0.000182114 
-0.000249785 -0.000321938 -0.000394344 -0.000462868 -0.000513473 -0.000544701 -0.000562507 -0.000565191 -0.000562514 -0.000557282 -0.000545375 -0.000529629 -0.000511217 -0.000494683 -0.000472874 -0.000443992 -0.000438796 -0.000429561 -0.000377658 -0.000362017 -0.000315175 -0.000278743 -0.000253563 -0.000217546 
-0.000295227 -0.000357633 -0.000423929 -0.000480229 -0.000515017 -0.00053278 -0.000536657 -0.000536237 -0.000537684 -0.000537053 -0.000521653 -0.000508824 -0.000497155 -0.000485983 -0.000470731 -0.000453977 -0.000459703 -0.000424435 -0.000344631 -0.000271811 -0.000226018 -0.000210435 -0.000181224 -0.000146171 
-0.000294394 -0.000362144 -0.000429924 -0.000488096 -0.000526093 -0.000545114 -0.000546725 -0.000543635 -0.000547932 -0.000552862 -0.000533814 -0.000511618 -0.000493027 -0.000478526 -0.000466661 -0.000452786 -0.000440561 -0.000386053 -0.000302815 -0.000214083 -0.000129442 -7.75787e-05 -4.78914e-05 -5.85812e-05 
-0.000323303 -0.000396207 -0.000468586 -0.000530681 -0.000554806 -0.000552711 -0.000539273 -0.000529258 -0.000529713 -0.000530287 -0.000524168 -0.000500925 -0.000481727 -0.000476345 -0.000470039 -0.000439135 -0.000395077 -0.000322102 -0.000240454 -0.000143708 -8.2082e-05 -4.1821e-05 -2.47346e-06 -6.92463e-06 
-0.0002725 -0.000360182 -0.000441123 -0.000483325 -0.000490936 -0.000478091 -0.000466004 -0.000459996 -0.000458145 -0.000457399 -0.000456142 -0.000434281 -0.000419947 -0.000412986 -0.00039613 -0.00037531 -0.000332733 -0.000269156 -0.000179534 -0.000112352 -6.90016e-05 -4.17647e-05 -2.3155e-06 1.65633e-06 
-0.000210116 -0.000290595 -0.000351132 -0.000376269 -0.00035588 -0.000344524 -0.000345991 -0.000343534 -0.000347447 -0.000363282 -0.000383374 -0.000390734 -0.000389814 -0.0003848 -0.000363903 -0.000318902 -0.000255425 -0.000170854 -0.000133688 -0.0001117 -6.88824e-05 -3.55429e-05 -1.21466e-05 -1.3091e-05 
-0.000152716 -0.000222151 -0.000269549 -0.000277657 -0.000269459 -0.00026754 -0.000262656 -0.000263317 -0.000274942 -0.000296229 -0.000337454 -0.000346482 -0.00033177 -0.000324241 -0.000304509 -0.000267631 -0.000181708 -0.00010466 -9.74141e-05 -0.000105188 -8.54923e-05 -6.46433e-05 -5.30995e-05 -4.22439e-05 
-8.11249e-05 -0.000152825 -0.000193937 -0.000192564 -0.000177125 -0.000150009 -0.000159594 -0.000179145 -0.000198414 -0.00025403 -0.000300161 -0.000322806 -0.000332807 -0.000327177 -0.000308257 -0.000269502 -0.000200202 -0.000170718 -0.000163667 -0.00016028 -0.000131197 -0.000102208 -7.64306e-05 -5.89806e-05 
-0.000126685 -0.000169052 -0.000181216 -0.000170995 -0.000158037 -0.000160869 -0.000180446 -0.000195694 -0.000208322 -0.000227878 -0.000251937 -0.000262997 -0.000267165 -0.000252379 -0.000250655 -0.000238975 -0.000231163 -0.000206273 -0.000194778 -0.000181747 -0.000154113 -0.000120353 -9.31452e-05 -6.80673e-05 
