2.43386e-05 2.63783e-05 2.43795e-05 1.44563e-05 2.46677e-06 -3.87697e-06 -3.45859e-05 -9.27665e-05 -0.000136416 -0.000175883 -0.000221839 -0.000253137 -0.000253412 -0.000229014 -0.000189167 -0.000140115 -9.01472e-05 -5.02013e-05 -2.58815e-05 -2.55785e-06 1.64244e-06 1.50919e-06 1.02276e-06 -3.27371e-07 
-3.74556e-06 -5.34926e-06 -1.30738e-06 1.39463e-05 1.0476e-05 -1.73456e-05 -4.9413e-05 -0.000103652 -0.000159132 -0.000207725 -0.000251479 -0.000285265 -0.000279967 -0.00024354 -0.000190046 -0.000144142 -9.74899e-05 -6.77326e-05 -5.87892e-05 -4.13278e-05 -3.25258e-05 -3.58128e-05 -3.90935e-05 -4.06944e-05 
-3.15257e-06 -6.45689e-06 5.82942e-06 3.4433e-05 4.47696e-05 3.23224e-05 1.84494e-06 -9.94174e-06 -1.75338e-05 -2.50849e-05 -7.46555e-05 -0.000115755 -7.94534e-05 -5.8536e-05 -6.13805e-05 -7.33964e-05 -7.21778e-05 -6.62141e-05 -4.3729e-05 -5.47419e-05 -5.89943e-05 -5.06744e-05 -4.83508e-05 -4.60915e-05 
1.76117e-05 1.41354e-05 1.61449e-05 6.48632e-05 8.65321e-05 6.50567e-05 5.14192e-05 4.29152e-05 2.4783e-05 8.25151e-06 -9.94863e-06 -4.25164e-05 -1.73394e-05 4.2502e-06 -8.06959e-08 -6.29248e-06 -1.94825e-05 -3.93928e-05 -6.16074e-05 -6.03211e-05 -7.44122e-05 -9.0074e-05 -8.44586e-05 -7.55111e-05 
2.7782e-05 2.7155e-05 3.8816e-05 6.88866e-05 8.67976e-05 9.63315e-05 0.000109016 0.000110184 9.6763e-05 5.1385e-05 5.4682e-06 -3.53663e-05 -5.1879e-05 -5.39232e-05 -7.8332e-05 -6.96866e-05 -8.71973e-06 -3.45486e-06 -5.78263e-05 -0.000113538 -0.000145532 -0.000154119 -0.000146958 -0.000137777 
1.85259e-05 1.80084e-05 1.04308e-05 1.09071e-05 2.44994e-05 3.54871e-05 5.57721e-05 6.66513e-05 8.20904e-05 5.79649e-05 1.43635e-05 -7.42987e-05 -0.000107691 -9.75211e-05 -7.14559e-05 -7.79344e-05 -3.77075e-05 1.31554e-05 1.67901e-05 -3.73444e-05 -7.36148e-05 -7.99695e-05 -5.56164e-05 -1.79491e-05 
-1.69896e-05 -3.15593e-05 -4.31594e-05 -4.29005e-05 -2.75875e-05 1.57965e-05 3.14776e-05 3.31145e-06 9.92727e-06 4.57271e-06 -3.90862e-06 -9.11621e-05 -0.000157145 -0.000134508 -6.17148e-05 8.9725e-06 4.71317e-06 1.91256e-05 2.94285e-05 5.77662e-05 6.10455e-05 3.52784e-05 3.34521e-05 3.74343e-05 
-7.46714e-06 -1.2063e-05 -3.39774e-06 3.22701e-06 2.93086e-05 5.3005e-05 -4.73461e-06 -4.80424e-05 9.71024e-06 0.000105178 0.000132491 5.54554e-05 1.11804e-05 5.04203e-05 9.47069e-05 8.46439e-05 3.36874e-05 -7.39054e-06 3.65364e-05 8.82503e-05 7.60385e-05 6.67443e-05 5.01601e-05 5.88808e-05 
1.02944e-05 7.59242e-06 1.56583e-05 3.03839e-05 4.73614e-05 4.22999e-05 -1.13873e-05 -4.39017e-05 -3.19794e-05 5.86811e-05 0.000160406 0.000185792 0.000160648 0.000172982 0.000162515 8.59803e-05 4.92811e-07 -6.56469e-05 -4.31317e-05 -2.21481e-05 -1.12579e-05 1.49184e-05 1.79693e-05 1.07605e-05 
4.28824e-06 2.93909e-07 -4.29127e-06 -2.26566e-05 -6.80418e-05 -0.000113469 -0.000170729 -0.000217652 -0.000210871 -0.000135084 1.9402e-06 6.50156e-05 6.92716e-05 6.10066e-05 2.64324e-05 -0.000120924 -0.00025989 -0.000304053 -0.000375408 -0.000396655 -0.000346133 -0.000260391 -0.000176608 -0.000132411 
-3.48718e-05 -4.80059e-05 -6.02128e-05 -9.8561e-05 -0.000126791 -0.000176066 -0.000234497 -0.000304766 -0.000306473 -0.000209354 -0.000150203 -0.000126207 -0.000131134 -0.000126727 -0.000182074 -0.00026362 -0.000342081 -0.000395773 -0.000463553 -0.000514256 -0.00051512 -0.000449286 -0.000352873 -0.000250159 
-4.12691e-05 -5.80235e-05 -6.55922e-05 -8.01043e-05 -0.000112302 -0.000154569 -0.000220815 -0.00026639 -0.000274805 -0.000234375 -0.000239443 -0.000260301 -0.000282435 -0.000256975 -0.000256484 -0.00032501 -0.000401398 -0.00045464 -0.000497037 -0.000518995 -0.000513706 -0.000475451 -0.000392012 -0.000282168 
-2.35435e-05 -3.32251e-05 -3.75987e-05 -7.70198e-05 -0.000118759 -0.000164664 -0.000205663 -0.000201663 -0.000201036 -0.00024565 -0.000340055 -0.000416572 -0.000423246 -0.000394874 -0.000416074 -0.000456427 -0.000485174 -0.000544712 -0.000609122 -0.000649304 -0.000635602 -0.000575048 -0.000480241 -0.000369273 
1.61568e-06 -2.76402e-05 -8.77943e-05 -0.000112092 -0.000119889 -0.000124039 -0.000115417 -0.000149235 -0.000218365 -0.000352056 -0.000496022 -0.000523655 -0.000519082 -0.000511194 -0.000504228 -0.000505495 -0.000524453 -0.000555168 -0.000598545 -0.000632849 -0.000637065 -0.000593069 -0.000499182 -0.000382982 
-5.32814e-05 -9.88764e-05 -0.000117913 -9.95584e-05 -6.69391e-05 -3.78939e-05 -4.29268e-05 -9.42158e-05 -0.000185703 -0.000367355 -0.000493724 -0.000554179 -0.000570151 -0.000557916 -0.000544281 -0.000527435 -0.000531039 -0.000553211 -0.00055396 -0.000551731 -0.000525344 -0.000472117 -0.000392994 -0.000306847 
-8.31727e-05 -0.000112346 -9.46212e-05 -2.92954e-05 4.57593e-05 9.13764e-05 8.76115e-05 -1.82663e-05 -0.000196426 -0.000433487 -0.000542615 -0.000605917 -0.000603104 -0.000577379 -0.000540035 -0.0005206 -0.000510991 -0.00050467 -0.000483384 -0.000465831 -0.000443958 -0.000400262 -0.000337665 -0.000267666 
-4.97741e-05 -3.49834e-05 2.70144e-05 0.000104538 0.000160782 0.000138103 5.01799e-05 -0.000144937 -0.000396303 -0.000516914 -0.000619994 -0.000663613 -0.000618905 -0.000559529 -0.000515919 -0.000484405 -0.000457447 -0.000434096 -0.000413402 -0.000392198 -0.000361448 -0.000317188 -0.000267472 -0.000219339 
6.83923e-07 6.3065e-05 0.000137049 0.000177242 0.000139331 5.63067e-05 -0.000131855 -0.00038936 -0.000513972 -0.000622912 -0.000665109 -0.000564572 -0.000487012 -0.0004332 -0.000409083 -0.00038248 -0.000354085 -0.00034006 -0.000344685 -0.000343106 -0.000328011 -0.000294344 -0.000248374 -0.000204668 
7.22086e-05 0.000145401 0.00016425 0.000125744 1.85298e-05 -0.000188408 -0.000371789 -0.000489254 -0.000593009 -0.000649354 -0.000556147 -0.000433401 -0.000360057 -0.000310434 -0.00028946 -0.000282326 -0.00027296 -0.00027123 -0.000281122 -0.000284822 -0.000274255 -0.000237974 -0.000191944 -0.000148993 
0.000115624 0.000133658 8.98424e-05 -6.24378e-05 -0.00027064 -0.000432255 -0.000561701 -0.000639829 -0.000656643 -0.000567302 -0.000422341 -0.000300726 -0.000262016 -0.000240043 -0.000232397 -0.000220616 -0.000221951 -0.000222709 -0.000229241 -0.000231713 -0.000222189 -0.000193623 -0.000155332 -0.000125367 
9.13535e-05 4.95876e-05 -0.000125869 -0.000297246 -0.000450769 -0.000602833 -0.00067092 -0.000680736 -0.000572174 -0.000439474 -0.000330493 -0.000297885 -0.000260067 -0.000247657 -0.000286289 -0.000305234 -0.000309089 -0.000289306 -0.000261181 -0.000247832 -0.000226287 -0.000195234 -0.000164293 -0.000137048 
3.19992e-05 -0.000134518 -0.000297377 -0.000400901 -0.000515302 -0.000611791 -0.000641649 -0.000595524 -0.000469785 -0.000349383 -0.000316696 -0.000281412 -0.000267289 -0.000258373 -0.000271653 -0.00029019 -0.000296869 -0.000287598 -0.000278793 -0.000291396 -0.000285676 -0.000258333 -0.000215288 -0.000170179 
-0.000134317 -0.000281977 -0.000389952 -0.000471673 -0.000558012 -0.000624872 -0.000655262 -0.000539092 -0.000414854 -0.000333268 -0.000293417 -0.000276529 -0.000243883 -0.000235399 -0.000232923 -0.000228143 -0.000233502 -0.000248811 -0.000271958 -0.000273234 -0.000259409 -0.000232288 -0.00019553 -0.000154743 
-0.000233663 -0.000355615 -0.000451301 -0.000546936 -0.000642934 -0.00068789 -0.000601052 -0.000484214 -0.000389701 -0.000328546 -0.000321969 -0.000309347 -0.00027492 -0.000254267 -0.000248635 -0.000250224 -0.000251876 -0.000264095 -0.000259216 -0.000239397 -0.000208386 -0.000180863 -0.000152829 -0.000118661 
-0.000304778 -0.000407861 -0.000492351 -0.000568358 -0.000643237 -0.000591796 -0.000484684 -0.00037467 -0.000320642 -0.000303443 -0.000293083 -0.000283309 -0.000271048 -0.000267775 -0.000259625 -0.0002706 -0.000282813 -0.00026196 -0.000223969 -0.0001815 -0.000135981 -0.000105731 -7.27708e-05 -3.31064e-05 
-0.000331042 -0.000412017 -0.000468283 -0.000528829 -0.000537656 -0.000463972 -0.000365382 -0.000284459 -0.000230202 -0.000221917 -0.000227554 -0.000231416 -0.000233486 -0.000232495 -0.000243991 -0.000265094 -0.000278355 -0.000244691 -0.000201259 -0.000158542 -0.000103407 -4.26364e-05 -1.76778e-05 -2.37527e-06 
-0.000314038 -0.000374705 -0.000439557 -0.000470131 -0.00044492 -0.000397786 -0.000312326 -0.000242305 -0.000203914 -0.000184493 -0.000179175 -0.000184305 -0.000189861 -0.000192015 -0.000204141 -0.000233111 -0.000230175 -0.000206862 -0.000176115 -0.00012777 -0.000128321 -0.000108152 -6.83298e-05 -2.6672e-05 
-0.000306327 -0.000347576 -0.000379094 -0.000377536 -0.000388854 -0.000300519 -0.000236744 -0.00019297 -0.000165151 -0.000153023 -0.000143029 -0.000141539 -0.000153204 -0.00016244 -0.000181962 -0.000183412 -0.000176519 -0.000167078 -0.000125447 -0.00013977 -0.000121754 -7.78352e-05 -5.74713e-05 -3.77386e-05 
-0.000274508 -0.000287267 -0.00031097 -0.000337961 -0.000278619 -0.000214033 -0.0001607 -0.000125539 -0.000112919 -0.000111694 -0.000110558 -0.000108413 -0.000114284 -0.000139674 -0.00016314 -0.000151822 -0.000140201 -0.000128915 -0.000113601 -0.000106388 -3.60708e-05 -1.28499e-05 -2.12343e-05 -3.1868e-05 
-0.000224639 -0.000262241 -0.0002862 -0.000276003 -0.000236226 -0.000162823 -0.000118743 -8.93719e-05 -8.16556e-05 -8.6064e-05 -8.95067e-05 -8.97314e-05 -9.48714e-05 -0.000121615 -0.000147163 -0.000131518 -0.000112119 -0.000119503 -9.78758e-05 -3.11672e-05 -1.32407e-05 -3.74478e-05 -5.58038e-05 -0.000100248 
-0.000220754 -0.000252953 -0.000277147 -0.000260767 -0.000202643 -0.000139276 -9.91856e-05 -7.56893e-05 -6.76151e-05 -6.94534e-05 -7.04438e-05 -7.04369e-05 -8.27833e-05 -0.000106903 -0.000121373 -0.000107047 -9.30554e-05 -8.80021e-05 -2.47514e-05 1.20998e-05 5.18348e-06 -3.21327e-05 -5.32712e-05 -5.91132e-05 
-0.000186788 -0.000212582 -0.00022957 -0.00021021 -0.000167016 -0.000132705 -0.000111348 -9.75425e-05 -8.21976e-05 -7.38374e-05 -7.6751e-05 -8.13881e-05 -8.7135e-05 -9.82683e-05 -0.000104322 -9.55595e-05 -7.24408e-05 -2.33633e-05 2.90094e-05 2.19824e-05 2.02399e-05 -2.48123e-05 -2.62957e-05 -2.23623e-05 
-0.000121454 -0.000146561 -0.000156213 -0.000147506 -0.000129721 -0.00012209 -0.000123513 -0.000117964 -9.90766e-05 -8.31894e-05 -8.22875e-05 -8.02536e-05 -8.21147e-05 -8.92131e-05 -8.60429e-05 -8.35308e-05 -5.67625e-05 -7.97425e-06 1.05399e-05 1.86597e-05 7.79946e-06 2.14421e-05 2.13054e-05 2.17297e-05 
-0.000109667 -0.000119593 -0.000125663 -0.000122054 -0.000103337 -9.20623e-05 -9.18171e-05 -8.56906e-05 -6.88004e-05 -5.22233e-05 -4.10878e-05 -3.67959e-05 -4.27956e-05 -4.28634e-05 -4.03245e-05 -5.12514e-05 -3.54957e-05 -1.9542e-06 1.88709e-05 1.30416e-05 -4.58913e-06 2.25321e-05 1.91391e-05 8.4643e-06 
-5.23009e-05 -7.83953e-05 -9.50147e-05 -9.11621e-05 -7.13075e-05 -5.06806e-05 -4.89952e-05 -3.69898e-05 -1.47993e-05 4.70826e-06 1.04912e-05 1.80063e-07 -1.31165e-05 -1.21936e-05 -1.24393e-05 -1.53979e-05 -1.81361e-05 2.78476e-05 4.36083e-05 2.52813e-05 3.89669e-05 3.98249e-05 2.02861e-05 5.92688e-06 
-3.7198e-05 -5.08684e-05 -6.04275e-05 -6.46437e-05 -5.28939e-05 -3.89849e-05 -3.56203e-05 -2.88109e-05 -1.8872e-05 -5.18919e-06 1.18984e-05 -7.33028e-06 -2.68426e-05 -2.97696e-05 -2.62883e-05 -2.33632e-05 1.20774e-05 5.26979e-05 4.05918e-05 3.3975e-05 2.40137e-05 3.42195e-05 1.20282e-05 -1.19362e-06 
-3.44543e-05 -3.11748e-05 -2.55184e-05 -1.94776e-05 -1.24497e-05 -5.33555e-06 -1.72704e-06 1.19501e-05 2.69536e-05 4.40085e-05 3.30243e-05 -1.01167e-05 -2.83076e-05 -3.28413e-05 -2.97238e-05 -1.95562e-05 4.45981e-07 -1.70082e-05 -4.41677e-05 -6.33137e-05 -6.91189e-05 -7.08784e-05 -7.21142e-05 -5.29485e-05 
-1.21062e-05 -9.08512e-06 -1.21541e-05 -1.76838e-06 1.32809e-05 2.00249e-05 9.52743e-06 1.76472e-05 3.13756e-05 5.51844e-05 4.74332e-05 1.36996e-05 -4.14375e-06 2.14669e-06 -7.06937e-06 -2.51227e-05 -4.09151e-05 -6.54341e-05 -0.00010804 -0.000136845 -0.000132555 -0.000110391 -9.40851e-05 -6.83907e-05 
-5.46529e-05 -5.40702e-05 -5.33103e-05 -4.40116e-05 -3.04423e-05 -3.11741e-05 -3.50639e-05 -3.01434e-05 -2.15709e-05 -2.14059e-06 -1.61299e-05 -4.8395e-05 -6.16195e-05 -5.63998e-05 -5.71088e-05 -6.73997e-05 -8.61556e-05 -8.44273e-05 -0.000126049 -0.00014044 -0.00012561 -9.93015e-05 -8.11554e-05 -5.81292e-05 
-6.06765e-05 -7.46938e-05 -8.50821e-05 -8.34075e-05 -9.27497e-05 -8.91651e-05 -8.8964e-05 -9.36593e-05 -9.30719e-05 -9.31761e-05 -0.000100218 -0.000114856 -0.000113357 -0.000106354 -9.74228e-05 -8.39974e-05 -6.66383e-05 -6.83352e-05 -9.66183e-05 -9.43785e-05 -8.17687e-05 -6.61338e-05 -5.23354e-05 -3.46501e-05 
