-3.06012e-05 -3.48888e-05 -3.47037e-05 -3.28642e-05 -9.40597e-07 4.8759e-05 8.95017e-05 6.704e-05 3.9645e-05 3.37574e-05 1.43262e-05 -1.04919e-05 -1.86443e-05 -1.14639e-05 -1.33552e-05 -1.52542e-05 -6.49444e-06 -2.86047e-06 -1.16726e-06 -3.98947e-06 -5.74349e-06 -3.36404e-06 1.25169e-07 3.22986e-06 
-2.95498e-05 -3.43902e-05 -3.61307e-05 -3.81962e-05 -1.14912e-05 5.49975e-05 9.24113e-05 0.000116029 0.000132196 0.000116325 0.000111695 0.000101495 8.49407e-05 8.84195e-05 8.61543e-05 6.30082e-05 3.11528e-05 6.07442e-06 -6.14715e-06 1.39951e-05 2.16346e-05 1.67437e-05 1.45467e-05 1.36457e-05 
-5.66106e-05 -6.36128e-05 -7.74639e-05 -8.33342e-05 -6.46668e-05 -4.18978e-05 -1.44664e-05 2.07446e-05 6.02772e-05 0.000108944 0.00017005 0.000238386 0.000266309 0.000249404 0.000205795 0.000166068 0.000124391 6.90057e-05 4.80658e-05 1.33968e-05 2.49515e-05 4.27132e-05 4.29381e-05 4.49404e-05 
-7.57244e-05 -8.42861e-05 -9.77233e-05 -9.99415e-05 -0.000108677 -0.000113707 -0.000119527 -0.000120444 -9.61009e-05 -4.83221e-05 2.31382e-05 0.000106354 0.000195595 0.000245382 0.000240608 0.00023411 0.000228252 0.000162669 8.38137e-05 4.61923e-05 2.50692e-05 2.90293e-05 1.35669e-05 7.90838e-06 
-5.77167e-05 -6.08571e-05 -5.78599e-05 -3.7985e-05 -3.17181e-05 -3.66545e-05 -1.37624e-05 -1.06639e-05 -7.05029e-06 -7.99722e-07 2.30254e-05 5.13474e-05 0.000107967 0.000166198 0.000194061 0.000194456 0.000244945 0.000233674 0.000134806 2.27769e-05 -4.53534e-05 -6.91752e-05 -9.24791e-05 -9.75289e-05 
-3.64801e-05 -3.68792e-05 -3.73295e-05 -1.79558e-05 1.44045e-05 7.83931e-05 0.000120147 0.000192505 0.000277704 0.000339739 0.000353469 0.00030445 0.000260969 0.000214106 0.000187449 0.000181931 0.000210155 0.00025596 0.000214588 7.40818e-05 -4.44363e-05 -0.000125025 -0.00015175 -0.000148432 
-3.20982e-05 -3.51225e-05 -4.812e-05 -3.39782e-05 2.11969e-05 9.29799e-05 0.000171941 0.000227416 0.000280604 0.000295018 0.000281607 0.000246888 0.000231222 0.000189999 0.000171993 0.000184186 0.000188796 0.000302899 0.000289905 0.000183941 2.72065e-05 -9.84485e-05 -0.000157631 -0.000190182 
-2.55189e-05 -3.17139e-05 -3.04686e-05 5.14725e-06 6.23153e-05 0.000129806 0.000206502 0.000243843 0.000275165 0.000305631 0.000264937 0.000219888 0.000199188 0.000200224 0.000200884 0.000236947 0.000211859 0.000317083 0.000387588 0.000329359 0.000155644 -3.33247e-05 -0.000145993 -0.000188513 
-2.15603e-05 -2.9826e-05 -3.45691e-05 3.15815e-05 0.000101326 0.000147229 0.000182798 0.000237427 0.00029424 0.000317988 0.00026188 0.000193009 0.000174702 0.000159757 0.000184095 0.000209332 0.000207897 0.000284923 0.000389609 0.000329179 0.000226019 9.95291e-05 -5.44446e-06 -7.95075e-05 
7.9267e-06 7.48492e-06 1.52834e-05 7.18358e-05 0.000120808 0.000124361 0.000117226 0.000144017 0.000230955 0.000284442 0.000267221 0.00023308 0.000226992 0.000218283 0.000234783 0.000201336 0.000174859 0.000246697 0.000306295 0.000281661 0.00018673 0.000142371 8.71349e-05 6.72179e-06 
1.03664e-05 1.83041e-05 3.34152e-05 7.0966e-05 9.77685e-05 8.80026e-05 6.94524e-05 7.52523e-05 0.000159373 0.000213281 0.000234698 0.000218566 0.000228844 0.00022497 0.000196582 0.00015189 0.000154083 0.000202963 0.00021854 0.000216296 0.00020096 0.000172666 0.00014419 8.82786e-05 
1.05149e-05 1.42945e-05 1.98778e-05 3.84727e-05 6.0931e-05 4.23071e-05 3.03665e-05 3.02179e-05 0.000103289 0.000172872 0.000207723 0.000197008 0.000196516 0.000164431 0.000127484 0.000108817 0.000122979 0.000172753 0.000206267 0.000237076 0.000261367 0.000259703 0.00022774 0.000180335 
2.03684e-05 3.57274e-05 2.69643e-05 1.12319e-05 1.37081e-05 5.3434e-06 8.0988e-06 6.16751e-05 0.000107473 0.00017885 0.000230256 0.000235068 0.000222554 0.000209348 0.000174265 0.000139147 0.000126279 0.000145753 0.000174959 0.000196861 0.000232813 0.000247715 0.00023774 0.000206727 
1.1991e-05 1.37701e-05 -7.07947e-06 -2.28867e-05 8.15148e-06 3.36877e-05 9.08645e-05 0.000159598 0.000208047 0.000249242 0.0002985 0.000305916 0.000293091 0.000282189 0.000281237 0.000299064 0.000318824 0.000333423 0.000355163 0.000375006 0.00038053 0.00035286 0.000303018 0.000253974 
2.56226e-05 2.76221e-06 -2.57862e-05 1.79949e-06 6.11344e-05 0.000118616 0.000228529 0.000311285 0.000341704 0.000339806 0.000321686 0.000316155 0.000348177 0.000357198 0.000374625 0.000407971 0.00043729 0.000467419 0.000489641 0.000499154 0.000486686 0.000441467 0.000374427 0.000302462 
-1.71605e-05 -4.03912e-05 -9.82878e-07 6.48217e-05 0.000193906 0.000319166 0.000433076 0.000451199 0.000413855 0.000332138 0.000303399 0.000306517 0.000296376 0.000293994 0.000288379 0.000281734 0.000290027 0.000315013 0.000339743 0.000360631 0.000361754 0.000322266 0.000273396 0.000225843 
-3.45515e-05 1.28938e-06 7.21583e-05 0.000209076 0.000341522 0.000450086 0.000482225 0.000447978 0.000378898 0.000322187 0.000317782 0.00027435 0.00019343 0.000141664 0.000110093 9.18505e-05 7.56349e-05 7.44674e-05 8.73052e-05 9.54058e-05 9.56459e-05 8.4073e-05 7.6293e-05 6.70129e-05 
3.94441e-05 0.000111237 0.000221448 0.000318139 0.000387739 0.000419642 0.000408425 0.000364977 0.000326343 0.000301613 0.00028892 0.000202159 0.000131645 6.07359e-05 1.09231e-05 -3.99655e-05 -8.92757e-05 -0.000123022 -0.000128855 -0.000119292 -0.000112731 -9.68882e-05 -7.13024e-05 -4.52649e-05 
8.84261e-05 0.000205329 0.000295324 0.000309735 0.00032831 0.000332925 0.00038222 0.000387109 0.000322284 0.000315391 0.000229905 0.000119623 2.2779e-05 -4.33736e-05 -0.000111883 -0.000178558 -0.000239652 -0.000266569 -0.000262655 -0.000242418 -0.000212242 -0.000167693 -0.000122368 -8.61791e-05 
0.000161049 0.000255833 0.000259666 0.00024795 0.000269691 0.000334153 0.000378265 0.000355938 0.000325044 0.000228338 9.03515e-05 -3.24009e-05 -0.000116377 -0.000160553 -0.00022249 -0.000298346 -0.00036359 -0.000401208 -0.000394881 -0.000368476 -0.000333674 -0.000283726 -0.000222482 -0.000168638 
0.000186573 0.000207641 0.000174017 0.000173562 0.000242601 0.000312102 0.000341541 0.000347357 0.000223655 3.65724e-05 -6.75574e-05 -0.000184779 -0.000293372 -0.000375953 -0.000448393 -0.000508297 -0.000569352 -0.000596354 -0.000583938 -0.000551338 -0.000500697 -0.000427423 -0.000344923 -0.00027273 
0.000153482 0.000143359 0.00010934 0.000133936 0.000182191 0.000248215 0.000282949 0.000171787 -4.01647e-05 -0.000138935 -0.000234996 -0.000353345 -0.000430648 -0.000496617 -0.000578416 -0.000655271 -0.000699004 -0.000699494 -0.000675188 -0.000647784 -0.000606515 -0.000531732 -0.000439584 -0.000349451 
9.01013e-05 7.75791e-05 9.71792e-05 0.000124796 0.000190578 0.000206593 9.46598e-05 -0.00011518 -0.000261436 -0.000328409 -0.0004201 -0.000478579 -0.000515081 -0.000550765 -0.000615349 -0.000664716 -0.000689199 -0.000706512 -0.000719587 -0.000718418 -0.000691346 -0.000608323 -0.000498439 -0.000386673 
8.61718e-05 0.000125497 0.00014122 0.000182753 0.00019359 0.000121391 -0.000135458 -0.000360152 -0.000450364 -0.000537525 -0.000584962 -0.000605562 -0.000604401 -0.000615615 -0.000654064 -0.000663921 -0.000676052 -0.000693173 -0.000705763 -0.000699567 -0.000656046 -0.000579238 -0.000481675 -0.000375135 
8.58907e-05 0.000115822 0.000163172 0.000206401 0.000181169 -4.60257e-05 -0.000303375 -0.000456346 -0.000565865 -0.000635074 -0.000661205 -0.000675412 -0.00066737 -0.00066473 -0.000669183 -0.00068196 -0.000697718 -0.000689299 -0.000690308 -0.000657245 -0.000595195 -0.000514533 -0.000416336 -0.000321446 
0.000107407 0.000156403 0.000155976 0.000110904 -4.73971e-05 -0.000228921 -0.000433245 -0.0005623 -0.000615654 -0.000644828 -0.000669298 -0.000679964 -0.000669889 -0.000656041 -0.000664201 -0.00068959 -0.000675763 -0.000667108 -0.000631842 -0.00058668 -0.000542421 -0.000487777 -0.00040515 -0.000324518 
0.000160114 0.00015081 9.54662e-05 -4.216e-05 -0.00019345 -0.000394442 -0.000550943 -0.000620824 -0.00064529 -0.000648367 -0.000651507 -0.000655992 -0.000641134 -0.000622261 -0.00062351 -0.000640075 -0.000637125 -0.000604488 -0.000540335 -0.000484968 -0.000448791 -0.000384541 -0.000315674 -0.000242187 
0.000141928 0.000100912 -9.37577e-07 -0.00012053 -0.000293408 -0.000470457 -0.00057895 -0.000615352 -0.000623428 -0.000618251 -0.000608619 -0.000603991 -0.00059613 -0.000586716 -0.000598412 -0.000613268 -0.000604249 -0.000556281 -0.000456855 -0.000400722 -0.000344866 -0.000256711 -0.000170806 -0.000107628 
6.89956e-05 5.82311e-06 -7.09691e-05 -0.000204375 -0.000369227 -0.000495087 -0.000555085 -0.000571946 -0.000576149 -0.000576624 -0.000574064 -0.000566147 -0.000549156 -0.000555578 -0.000576853 -0.000582577 -0.00056334 -0.00049516 -0.000402721 -0.000345278 -0.000238277 -0.000156603 -0.000118353 -6.80086e-05 
-5.45313e-05 -0.000107346 -0.000186384 -0.000317811 -0.000438638 -0.000503162 -0.000534371 -0.00053769 -0.000529755 -0.000528604 -0.000532504 -0.000527748 -0.000517191 -0.000522003 -0.000540736 -0.000537573 -0.000501438 -0.000433483 -0.000344216 -0.000241089 -0.000146292 -0.000122164 -9.10722e-05 -6.57008e-05 
-0.000164197 -0.000245312 -0.000337196 -0.00042692 -0.000498356 -0.000521104 -0.000522438 -0.000515635 -0.00050523 -0.000498716 -0.000499512 -0.000494041 -0.000490184 -0.000491212 -0.000490467 -0.000470392 -0.000418416 -0.0003514 -0.000282949 -0.000182477 -0.000103863 -6.47649e-05 -3.75456e-05 1.35367e-06 
-0.000262659 -0.000345795 -0.000418161 -0.000489878 -0.000526715 -0.000532969 -0.000526004 -0.000516945 -0.000509474 -0.000504 -0.000501835 -0.00049126 -0.000475904 -0.000465387 -0.000453615 -0.000427325 -0.000380778 -0.000322815 -0.00026164 -0.000178154 -9.45817e-05 -3.43658e-05 1.80447e-05 3.21122e-05 
-0.000314353 -0.000395036 -0.000466767 -0.000516404 -0.000534482 -0.00053958 -0.000541155 -0.000537673 -0.000537757 -0.000536533 -0.000530063 -0.000513565 -0.000492372 -0.00047373 -0.000456944 -0.000430543 -0.000386174 -0.000336326 -0.00026088 -0.000148541 -6.42231e-05 -3.22768e-05 -3.4767e-07 1.44831e-05 
-0.00037872 -0.000457852 -0.000518083 -0.000560459 -0.000581953 -0.000584683 -0.000586481 -0.000584234 -0.000580996 -0.000585491 -0.000573893 -0.000551643 -0.000530154 -0.000505693 -0.000484039 -0.000457643 -0.00041298 -0.000330718 -0.000217646 -0.000111429 -5.97438e-05 -2.09303e-05 -1.28057e-05 -3.65613e-06 
-0.000417898 -0.000509206 -0.000583518 -0.00063291 -0.00063786 -0.000613373 -0.000599938 -0.000585941 -0.000573338 -0.000568193 -0.00055183 -0.000542719 -0.000537756 -0.000513817 -0.000487954 -0.000458867 -0.000404716 -0.000275101 -0.000142207 -8.70954e-05 -5.06965e-05 -1.84308e-05 -7.68175e-07 1.98978e-05 
-0.000303225 -0.000395986 -0.00047792 -0.000531203 -0.000551117 -0.000538173 -0.000533797 -0.000526039 -0.000518019 -0.000495814 -0.00047479 -0.000485907 -0.000489608 -0.000470447 -0.000442442 -0.000397629 -0.000310708 -0.000168027 -7.63556e-05 -4.2581e-05 -1.27994e-05 1.31935e-05 2.52663e-05 3.71526e-05 
-0.000178454 -0.000232432 -0.00028098 -0.000304394 -0.000295929 -0.000282083 -0.000282622 -0.000272612 -0.000267798 -0.000275195 -0.0003022 -0.000354327 -0.000362036 -0.000343024 -0.00031033 -0.000247181 -0.000133774 -1.62978e-05 3.2185e-05 5.48704e-05 6.64972e-05 7.47203e-05 7.24095e-05 6.56286e-05 
-3.1242e-05 -6.71584e-05 -9.12738e-05 -9.23033e-05 -8.12365e-05 -7.54251e-05 -7.71093e-05 -7.73586e-05 -8.13746e-05 -9.94358e-05 -0.000140009 -0.00018224 -0.0001891 -0.000168378 -0.000136426 -8.38968e-05 -2.753e-06 7.89643e-05 0.000137005 0.000151558 0.000142125 0.00013084 0.000114979 9.35872e-05 
3.67189e-05 2.51592e-05 2.76909e-05 3.56296e-05 3.008e-05 1.51217e-05 3.67155e-06 -2.70304e-06 -1.7587e-06 -1.41752e-05 -5.17731e-05 -8.5098e-05 -9.39771e-05 -7.5358e-05 -3.23088e-05 9.74569e-06 9.62865e-05 0.000175122 0.000209868 0.000217574 0.000200327 0.000162664 0.000125316 9.42836e-05 
7.95199e-05 6.5691e-05 7.10965e-05 0.000102307 9.83263e-05 8.74966e-05 8.04849e-05 7.23361e-05 6.97627e-05 5.61098e-05 2.04937e-07 -5.87722e-05 -8.58859e-05 -7.3258e-05 -1.33407e-05 7.325e-05 0.000155364 0.000204776 0.000238018 0.000244515 0.000222985 0.000179845 0.000136059 9.63446e-05 
