-8.96236e-05 -0.000102153 -0.000100986 -8.8213e-05 -4.14985e-05 -3.3675e-06 3.61953e-05 6.50077e-05 7.82208e-05 9.30866e-05 8.41542e-05 6.50719e-05 6.8691e-05 7.92095e-05 7.66556e-05 6.64917e-05 5.08701e-05 3.39581e-05 1.98793e-05 7.43632e-06 -6.33339e-06 -7.93508e-06 -7.31262e-06 -4.8539e-06 
-4.64157e-05 -5.3582e-05 -5.79218e-05 -6.85076e-05 -1.96308e-05 3.76264e-05 5.61648e-05 8.23203e-05 0.000108696 8.63635e-05 3.28506e-05 -1.84694e-05 -4.84821e-05 -4.45331e-05 -2.83612e-05 -1.06223e-05 -1.83899e-07 9.5025e-06 1.90533e-05 2.32951e-05 1.82122e-05 1.48904e-05 1.18937e-05 1.22882e-05 
-4.01394e-05 -4.42488e-05 -6.13759e-05 -9.00731e-05 -7.26085e-05 -5.76596e-05 -4.36583e-05 -4.92426e-05 -2.80212e-05 -4.34765e-05 -9.84386e-05 -0.000114989 -0.000117801 -0.000103076 -9.13922e-05 -8.06693e-05 -5.95141e-05 -2.34423e-05 1.27517e-05 1.60822e-05 2.04096e-05 1.29756e-05 -1.58789e-07 -1.29222e-06 
-6.72656e-05 -7.69551e-05 -8.75501e-05 -0.000108722 -0.00015431 -0.000187668 -0.000252197 -0.000265108 -0.000254005 -0.000237893 -0.000235822 -0.000218285 -0.000143817 -7.03378e-05 -4.76895e-05 -8.30536e-05 -0.000111135 -0.000101707 -6.53689e-05 -1.13686e-05 7.2253e-07 6.66787e-06 -5.04309e-06 -7.84379e-06 
-5.7296e-05 -6.71129e-05 -7.73511e-05 -8.0426e-05 -0.000110637 -0.000151978 -0.00020503 -0.000243613 -0.000239442 -0.000216145 -0.000181645 -0.000182163 -0.000177009 -0.000138978 -0.000124319 -0.000168915 -0.000168484 -0.00015022 -0.000157819 -0.000160209 -0.000129543 -0.000114006 -0.000100092 -9.24402e-05 
-4.0059e-05 -4.54616e-05 -4.9663e-05 -5.65481e-05 -8.15203e-05 -0.000113707 -0.000160965 -0.000171577 -0.000135631 -7.33606e-05 -1.69685e-05 -5.3232e-06 -1.95732e-05 -4.80751e-05 -6.88552e-05 -0.000190352 -0.000264331 -0.000258749 -0.000225703 -0.000247285 -0.000242837 -0.000200521 -0.000171082 -0.00015976 
-2.88774e-05 -3.46936e-05 -4.73387e-05 -6.96568e-05 -8.21489e-05 -9.97788e-05 -0.000123412 -0.000162527 -0.000160203 -0.000162152 -0.000142221 -0.000123542 -7.43914e-05 -5.51486e-05 -9.44106e-05 -0.000259956 -0.000456808 -0.000407318 -0.000336361 -0.000322999 -0.000334053 -0.00028395 -0.000215484 -0.000200057 
-2.70558e-05 -3.90477e-05 -5.01773e-05 -4.56683e-05 -3.87627e-05 -5.89477e-05 -0.00010493 -0.000147634 -0.000155172 -0.000159595 -0.000201838 -0.000222949 -0.000179589 -0.000160764 -0.000167944 -0.000345966 -0.000503658 -0.000467382 -0.000385934 -0.000353587 -0.000372525 -0.000399614 -0.000346333 -0.000279301 
-4.3687e-05 -5.43689e-05 -6.34563e-05 -5.75532e-05 -9.58899e-05 -0.000151372 -0.00022037 -0.000239964 -0.000195507 -0.000170928 -0.000221292 -0.000243631 -0.000227352 -0.000181319 -0.00017446 -0.000327658 -0.000428496 -0.000398289 -0.000343858 -0.000322491 -0.000328824 -0.000362691 -0.00034976 -0.000306856 
-5.59344e-05 -7.33149e-05 -8.09008e-05 -8.74371e-05 -0.000121791 -0.000198556 -0.000267686 -0.000318632 -0.000303887 -0.000287197 -0.000286727 -0.000267245 -0.000204291 -0.000154643 -0.000143294 -0.000220957 -0.000262259 -0.000275382 -0.000230943 -0.000237374 -0.000247606 -0.000251332 -0.000248152 -0.000232399 
-5.12979e-05 -7.31037e-05 -8.27578e-05 -8.79671e-05 -0.000110742 -0.000146415 -0.000206657 -0.000280484 -0.000274949 -0.000269719 -0.000275522 -0.000263289 -0.000227155 -0.000177006 -0.00012202 -0.000146994 -0.000179982 -0.00015555 -0.000135652 -0.000128184 -0.000119752 -9.07464e-05 -5.37616e-05 -3.57404e-05 
-3.87703e-05 -5.73869e-05 -7.3087e-05 -7.2613e-05 -9.4104e-05 -0.000140024 -0.000217963 -0.000284081 -0.000278291 -0.000281462 -0.000291479 -0.000291568 -0.000255053 -0.000177013 -0.000108608 -9.0165e-05 -9.01048e-05 -7.55075e-05 -3.62276e-05 -1.072e-05 9.48354e-07 8.23738e-06 1.97957e-05 2.53245e-05 
2.38369e-06 -1.01147e-05 -4.54343e-05 -9.11283e-05 -0.000138049 -0.000212142 -0.000312378 -0.000380984 -0.000402871 -0.000383623 -0.000363304 -0.000305457 -0.000247575 -0.000158275 -7.07788e-05 -2.55685e-05 -9.72412e-06 8.38386e-06 2.54131e-05 2.76073e-05 3.14893e-05 3.04134e-05 2.66218e-05 2.3235e-05 
-2.69983e-05 -4.00566e-05 -5.39071e-05 -0.000116419 -0.000210536 -0.000372495 -0.000473513 -0.000530815 -0.000534842 -0.000488845 -0.000395581 -0.000284704 -0.000169996 -7.93413e-05 -1.56153e-05 3.39774e-05 6.30865e-05 8.84035e-05 8.91705e-05 7.19232e-05 4.55593e-05 1.27657e-05 -1.0228e-05 -2.77662e-05 
-2.9139e-05 -6.22488e-05 -0.000122451 -0.000228923 -0.000346747 -0.000436295 -0.000469335 -0.000456697 -0.000436244 -0.000347328 -0.000219206 -7.08254e-05 7.52193e-06 4.11555e-05 8.46867e-05 0.000123617 0.000130798 0.000123652 0.000106269 8.52554e-05 4.15252e-05 2.06199e-06 -2.50871e-05 -4.1731e-05 
-7.47974e-05 -0.000155985 -0.000262336 -0.000365201 -0.000398821 -0.000388658 -0.000338769 -0.00031392 -0.000279485 -0.000136454 -2.01642e-05 1.93601e-05 2.78642e-05 3.90846e-05 3.67152e-05 4.5126e-05 4.74199e-05 4.30282e-05 2.64872e-05 3.88381e-06 -2.09206e-05 -4.08285e-05 -5.04682e-05 -5.15594e-05 
-0.000145023 -0.000252271 -0.000329304 -0.000369206 -0.00037401 -0.000332628 -0.000317709 -0.000314472 -0.000193167 -7.63822e-05 -2.48754e-05 -5.09506e-05 -8.93106e-05 -0.000117649 -0.000139553 -0.000156558 -0.000159359 -0.000159295 -0.000159879 -0.000159552 -0.000159237 -0.000148419 -0.000129511 -0.000113698 
-0.000142793 -0.000218819 -0.000272986 -0.000311431 -0.000321314 -0.000331898 -0.0003558 -0.000286255 -0.000167635 -8.93454e-05 -9.5345e-05 -0.000148319 -0.00019017 -0.000227256 -0.000253739 -0.000273526 -0.000270456 -0.000256948 -0.000257777 -0.000256027 -0.000247122 -0.000213409 -0.000171688 -0.000140343 
-0.000151832 -0.000203485 -0.000262395 -0.000305334 -0.000333707 -0.000368665 -0.000321204 -0.000218442 -0.000129518 -0.000105223 -0.00016602 -0.000225134 -0.0002757 -0.000294708 -0.000316195 -0.000336932 -0.000339637 -0.000343492 -0.000345239 -0.000340154 -0.000316746 -0.000262154 -0.000201302 -0.00015022 
-0.000202604 -0.000247839 -0.000286642 -0.000338465 -0.000345232 -0.000334352 -0.000260745 -0.000173214 -0.000174176 -0.000215938 -0.000264108 -0.000346038 -0.00040312 -0.000401499 -0.000407691 -0.000424597 -0.000456042 -0.000482979 -0.000483385 -0.000472534 -0.000446585 -0.000374402 -0.000288921 -0.000223856 
-0.00024374 -0.000265972 -0.000299899 -0.000298589 -0.000288864 -0.000240603 -0.000183045 -0.000188932 -0.000251114 -0.000281379 -0.000364423 -0.000476626 -0.000533184 -0.000548045 -0.000566034 -0.000585546 -0.000608096 -0.000607635 -0.000591968 -0.000566922 -0.000527037 -0.000460538 -0.000372409 -0.000294839 
-0.000258184 -0.000272304 -0.000286758 -0.000297394 -0.000247236 -0.000184141 -0.000169759 -0.000233041 -0.000291664 -0.000351059 -0.000469015 -0.000551449 -0.00057283 -0.000586599 -0.000620388 -0.000669171 -0.000706712 -0.000700844 -0.000678491 -0.000648014 -0.000611198 -0.000543322 -0.000446439 -0.000349615 
-0.000213965 -0.000237635 -0.000269103 -0.000253859 -0.000190742 -0.000198504 -0.000254559 -0.000298917 -0.000373257 -0.000471645 -0.000594802 -0.000626874 -0.000617269 -0.000617852 -0.000634404 -0.000676739 -0.000711799 -0.00069754 -0.000672048 -0.000649801 -0.000608745 -0.000532722 -0.000428806 -0.000325347 
-0.000184142 -0.0001994 -0.000217753 -0.000209142 -0.000204209 -0.000235245 -0.000309261 -0.000422408 -0.000529942 -0.00063206 -0.00067301 -0.000687635 -0.00066246 -0.000628795 -0.000628985 -0.000651493 -0.000658465 -0.000639973 -0.000623255 -0.000578985 -0.000530171 -0.000463438 -0.000378166 -0.000283889 
-0.000162551 -0.000171286 -0.000193275 -0.000211684 -0.000228289 -0.000281696 -0.000390025 -0.00055853 -0.000699681 -0.000742083 -0.000737555 -0.00072699 -0.000693048 -0.00065633 -0.000632203 -0.000617785 -0.000599629 -0.000574092 -0.000533027 -0.000468045 -0.000387822 -0.000313532 -0.000236833 -0.000168553 
-0.000122695 -0.000139712 -0.000181412 -0.000205177 -0.000245362 -0.000311026 -0.000524196 -0.000698042 -0.000766391 -0.000760938 -0.000742172 -0.000726168 -0.000694903 -0.000664222 -0.000655681 -0.000619322 -0.000574106 -0.000518381 -0.000438559 -0.000353086 -0.000297651 -0.00024633 -0.000207257 -0.000195234 
-7.86099e-05 -0.000122506 -0.000155537 -0.000225149 -0.000296472 -0.000518403 -0.000696854 -0.00078516 -0.00078973 -0.000767264 -0.000735987 -0.000710461 -0.000686765 -0.000667758 -0.000638885 -0.000593441 -0.000532879 -0.000456393 -0.000358228 -0.000314427 -0.000315165 -0.000299289 -0.000259081 -0.000221102 
-7.80726e-05 -0.000110893 -0.000173605 -0.000249151 -0.000428581 -0.000648539 -0.000760869 -0.000786144 -0.000771516 -0.00074673 -0.000713289 -0.00068657 -0.000674565 -0.000663932 -0.000631703 -0.000568072 -0.000491229 -0.000401188 -0.00032745 -0.000329902 -0.000315841 -0.000289941 -0.000271672 -0.000248315 
-0.000106588 -0.000141139 -0.000213288 -0.000347757 -0.000574221 -0.000726683 -0.000772245 -0.000762457 -0.000749296 -0.000733755 -0.000710191 -0.000677599 -0.000647948 -0.000631545 -0.000610652 -0.000542726 -0.000456385 -0.000372706 -0.000334023 -0.000371988 -0.000385889 -0.000401739 -0.000390562 -0.000365918 
-0.000156235 -0.000225077 -0.000332953 -0.000495478 -0.000655907 -0.000728758 -0.000731394 -0.000721798 -0.000711868 -0.000704709 -0.000690112 -0.00066147 -0.000619284 -0.000595987 -0.00057137 -0.000507198 -0.000427923 -0.000381026 -0.000370323 -0.000403905 -0.000423223 -0.000413849 -0.000389499 -0.000350749 
-0.000249062 -0.000365377 -0.000487636 -0.000616578 -0.000680743 -0.000700843 -0.000696961 -0.000692729 -0.000685044 -0.000678132 -0.000662544 -0.000631827 -0.000596797 -0.000565431 -0.000528396 -0.000466847 -0.000405453 -0.000397147 -0.000397741 -0.000400097 -0.000397993 -0.000345734 -0.000295996 -0.000225061 
-0.000345758 -0.000465745 -0.00057228 -0.000644626 -0.000668866 -0.000680485 -0.000677105 -0.000673237 -0.000670057 -0.00065587 -0.000637471 -0.000609762 -0.000579068 -0.000553004 -0.000521079 -0.00047059 -0.000440476 -0.000423633 -0.000405523 -0.000416806 -0.00033578 -0.000256946 -0.000213487 -0.00016474 
-0.000370715 -0.000473466 -0.000560409 -0.00061624 -0.00063795 -0.000651228 -0.00065844 -0.000657949 -0.000650672 -0.000634767 -0.000608046 -0.000585291 -0.000561735 -0.000541827 -0.000511347 -0.000475245 -0.000441304 -0.00042428 -0.000421769 -0.000331061 -0.000241277 -0.000221938 -0.000168215 -7.89101e-05 
-0.000365241 -0.000445952 -0.000522186 -0.000574941 -0.000600572 -0.000614954 -0.000625733 -0.000629321 -0.000622829 -0.000616864 -0.000593072 -0.000562446 -0.000539652 -0.000511218 -0.000482221 -0.000459803 -0.000437708 -0.000447235 -0.000375188 -0.000260088 -0.000183577 -0.000143938 -9.23951e-05 -6.89364e-06 
-0.00033125 -0.000419995 -0.000508931 -0.000564364 -0.000580289 -0.000576608 -0.000580893 -0.000582427 -0.000576575 -0.000567858 -0.00055486 -0.00054074 -0.000528903 -0.000509046 -0.000480932 -0.000455835 -0.000447903 -0.000378188 -0.000266143 -0.00018628 -0.000139504 -0.000111096 -7.94077e-05 -2.65857e-05 
-0.000289313 -0.000368587 -0.000453441 -0.000509513 -0.000543813 -0.000548549 -0.000547184 -0.000544191 -0.000533542 -0.000516013 -0.000510152 -0.000504265 -0.000488344 -0.00046915 -0.00044294 -0.000407499 -0.000368939 -0.000259657 -0.000172659 -0.000115635 -0.000104278 -9.05175e-05 -6.73941e-05 -3.2878e-05 
-0.000209717 -0.000284409 -0.000343259 -0.000400927 -0.000422571 -0.000423145 -0.000425022 -0.000435439 -0.000450486 -0.000476624 -0.000462076 -0.000441197 -0.000407565 -0.000388119 -0.000359263 -0.000316588 -0.00023212 -0.00014284 -0.000116212 -0.000102402 -8.83191e-05 -7.36292e-05 -4.74882e-05 -2.65474e-05 
-0.000158734 -0.000207734 -0.000269248 -0.000334721 -0.000365482 -0.000376526 -0.000374811 -0.000380461 -0.000398663 -0.00041734 -0.000399863 -0.000350161 -0.000312386 -0.000299239 -0.000280518 -0.00024575 -0.000193668 -0.000137514 -0.000135657 -0.000115729 -9.55529e-05 -6.68524e-05 -3.97846e-05 -1.99927e-05 
-0.000139549 -0.000176726 -0.000215144 -0.000255245 -0.000278943 -0.000257705 -0.000248353 -0.000250306 -0.000267412 -0.0002919 -0.000287716 -0.000250987 -0.00023843 -0.000232699 -0.000196186 -0.000154934 -9.72888e-05 -5.43864e-05 -6.3503e-05 -6.10319e-05 -4.84148e-05 -3.0092e-05 -1.53722e-05 -6.55474e-06 
-8.61139e-05 -0.000100852 -0.000120729 -0.00012278 -8.75844e-05 -5.54302e-05 -5.5669e-05 -6.35406e-05 -8.10745e-05 -0.000119884 -0.000158679 -0.000170371 -0.00017348 -0.00016358 -0.000126405 -7.16009e-05 -2.55548e-05 -1.40665e-05 -1.63003e-05 -1.19502e-05 -2.13279e-05 -2.1394e-05 -1.74207e-05 -7.18921e-06 
