0.000160752 0.00018707 0.000196688 0.000186584 0.000148451 0.000157551 0.000148536 0.000123567 0.000131355 0.000158675 0.000184693 0.000193531 0.000184861 0.000160976 0.000124333 8.80185e-05 5.78599e-05 3.46926e-05 2.17819e-05 3.52071e-05 4.56723e-05 4.40877e-05 3.98631e-05 3.30999e-05 
0.000161932 0.000185501 0.000194536 0.00018969 0.000177063 0.00021796 0.000249617 0.000228475 0.000237057 0.000296493 0.000376512 0.000426657 0.000455773 0.000454973 0.000422484 0.000353069 0.000268779 0.000160108 7.86722e-05 4.89585e-05 4.24291e-05 3.31481e-05 2.37199e-05 1.72617e-05 
0.000120613 0.000133129 0.000166294 0.000205732 0.000222564 0.000265238 0.00034535 0.000382966 0.00041295 0.000462982 0.000496133 0.000507641 0.000540116 0.000580155 0.000585768 0.000549088 0.00047915 0.00036234 0.000249018 0.00016193 0.000133367 0.00013078 0.000121053 0.000109404 
0.000146688 0.000166607 0.000221445 0.000285111 0.000343889 0.000410509 0.000497031 0.000555526 0.000648205 0.000745695 0.000806197 0.00083572 0.000848388 0.000777816 0.000666661 0.000641843 0.000626697 0.000564382 0.000444439 0.000346423 0.000274006 0.000219573 0.00016379 0.000133061 
0.000191767 0.000218125 0.000261283 0.000322315 0.00039166 0.00048899 0.000573742 0.000636688 0.000662594 0.000674305 0.000656857 0.000639818 0.000660381 0.000674811 0.000658427 0.000706317 0.000713082 0.000718597 0.000654517 0.000525873 0.000385901 0.000265566 0.000169627 0.000101522 
0.000202119 0.000234308 0.000278565 0.000315121 0.000377667 0.000423613 0.000455632 0.000459448 0.000453045 0.000434257 0.000429352 0.000417406 0.000482426 0.000576438 0.00066364 0.000724877 0.000801777 0.000882749 0.000892769 0.000812123 0.000699575 0.000563994 0.000420402 0.000335223 
0.000198185 0.000228052 0.000257441 0.000309866 0.000371683 0.000420207 0.000456356 0.000495636 0.00056668 0.000630091 0.000695854 0.000694401 0.00066488 0.000733666 0.000866065 0.000965459 0.00102878 0.0010526 0.00105464 0.00106014 0.00105855 0.000915886 0.000710662 0.00052316 
0.000124295 0.000147933 0.000158305 0.000167907 0.000208704 0.000263407 0.000254365 0.000279932 0.000345213 0.000477085 0.000669262 0.000758499 0.000781091 0.00089507 0.00105228 0.00120442 0.00128493 0.00126054 0.00121785 0.00123101 0.00120047 0.00112194 0.000936242 0.000748886 
0.000108289 0.000120086 0.000126312 0.000110209 0.000123398 0.000160353 0.000180568 0.000177964 0.000210806 0.000349443 0.00054896 0.000742176 0.000855969 0.000994486 0.00113189 0.0012823 0.00132439 0.00128186 0.00127388 0.00126661 0.00123072 0.00115988 0.00101285 0.000811104 
0.000121287 0.00014354 0.000150867 0.000133838 0.000171101 0.000237013 0.000290679 0.000330738 0.000403523 0.000561681 0.000740311 0.000849646 0.00088952 0.000943104 0.00104873 0.00109045 0.000998195 0.000967599 0.000953839 0.00100078 0.0010483 0.00102841 0.000933827 0.000833078 
0.000108057 0.000130481 0.000136923 0.000119953 0.000146787 0.000194904 0.000213904 0.000264023 0.000371052 0.000586972 0.00073602 0.000813737 0.000841102 0.000882951 0.000902005 0.000850177 0.000808382 0.000777658 0.000720499 0.000701083 0.000739119 0.000725053 0.000633935 0.000515909 
7.10366e-05 9.00311e-05 0.000119957 0.000158692 0.000202423 0.000256673 0.000281407 0.00030076 0.000359784 0.000478157 0.000595248 0.000685958 0.000741814 0.000774176 0.000770575 0.000709862 0.000630045 0.00058072 0.000545619 0.000537898 0.000547156 0.00051938 0.000471538 0.000416899 
6.27691e-05 8.64328e-05 0.000158584 0.000225968 0.000295932 0.000395314 0.000484654 0.000556441 0.000624799 0.000643569 0.000644089 0.000642747 0.000660498 0.000659378 0.000627063 0.00057646 0.000531678 0.00050202 0.000478265 0.000489645 0.000517404 0.000509612 0.000452538 0.000381521 
4.52191e-05 6.83033e-05 0.000137903 0.000289261 0.000434939 0.000597202 0.000741419 0.000795506 0.000813814 0.000737211 0.000605352 0.000571428 0.000515934 0.000461853 0.000440239 0.00041464 0.000400745 0.00040372 0.000429444 0.000474522 0.000508114 0.00049964 0.000450528 0.000391301 
4.77984e-05 0.000120976 0.000288521 0.000486562 0.000685026 0.000851186 0.000941503 0.000979244 0.000912689 0.000737758 0.00056721 0.00044354 0.000383494 0.000366329 0.000365181 0.00035288 0.000330325 0.000314796 0.000312451 0.000314181 0.000322162 0.000312727 0.000285828 0.000253371 
0.000126205 0.000264443 0.000485252 0.0007287 0.000905483 0.00101637 0.00110186 0.00100749 0.000899289 0.00067088 0.000504109 0.000417769 0.000389233 0.000376295 0.000358516 0.000318445 0.000279103 0.000244077 0.000229331 0.000217178 0.000206747 0.000176235 0.000147376 0.000121779 
0.000223408 0.000445168 0.000694208 0.00091757 0.00104998 0.00112714 0.00111022 0.000982976 0.000751502 0.000582763 0.000477982 0.00041559 0.000366854 0.000349762 0.000325582 0.000287072 0.000244873 0.000208358 0.000179452 0.000148351 0.000114996 8.30376e-05 5.80404e-05 3.93594e-05 
0.000393622 0.000654954 0.000885123 0.00105892 0.00114572 0.00118413 0.00106994 0.000836875 0.000650933 0.000504408 0.000427022 0.000412212 0.000397258 0.000350673 0.000296146 0.00024568 0.000195369 0.000144665 0.000107549 8.74035e-05 6.16242e-05 3.18763e-05 1.49772e-05 5.23244e-06 
0.000570935 0.000805118 0.00097806 0.00111746 0.00117552 0.00107473 0.000852028 0.000615839 0.000465961 0.000392464 0.000377821 0.000364888 0.000366772 0.000360305 0.000338024 0.000302957 0.000274288 0.000246199 0.000212447 0.000187933 0.000165648 0.000145011 0.000122697 9.86795e-05 
0.00066243 0.000838658 0.00100121 0.00105139 0.000966001 0.000777288 0.000531251 0.000369779 0.000311349 0.000290307 0.000301167 0.000318338 0.000342366 0.00033345 0.000317653 0.000303613 0.000292465 0.000272011 0.000249432 0.000231324 0.000212005 0.000178693 0.000143703 0.000115522 
0.000695132 0.00084405 0.000876216 0.000846255 0.000719023 0.000512663 0.000324886 0.000247588 0.000228839 0.000169809 0.000188977 0.000236593 0.000245216 0.000237652 0.000240586 0.000244466 0.000228168 0.000206604 0.000183911 0.000158902 0.000140598 0.000113307 8.53785e-05 6.23923e-05 
0.000715854 0.000749955 0.000741387 0.000642937 0.00048373 0.000332601 0.000232443 0.000181088 0.000117086 0.000112643 0.000196459 0.000240826 0.000244463 0.000236924 0.00020921 0.000186009 0.000174921 0.000162548 0.000138742 0.000101227 8.06419e-05 6.13482e-05 4.33405e-05 2.91212e-05 
0.000626188 0.000626391 0.000573467 0.000458146 0.000319996 0.000242523 0.000146235 9.17967e-05 0.000110217 0.000200946 0.000265741 0.000289871 0.000287415 0.000288588 0.000263991 0.000230313 0.000191206 0.000137978 0.000100703 9.96595e-05 9.20421e-05 7.32019e-05 5.34008e-05 3.82031e-05 
0.000479215 0.000444541 0.000393867 0.000333844 0.000238697 0.000147625 0.000117979 0.000170271 0.000230057 0.000246097 0.000261098 0.000267841 0.000269976 0.000269869 0.000255514 0.000218642 0.000159239 0.00011706 0.00011706 0.000102634 8.80046e-05 6.85658e-05 4.8589e-05 3.14742e-05 
0.000349163 0.000345624 0.0003444 0.000280133 0.000172293 0.00010794 0.000173518 0.000218357 0.000238788 0.000243228 0.000243518 0.000248604 0.000256848 0.000247464 0.000232334 0.000174437 0.000123777 9.73193e-05 6.81416e-05 5.33444e-05 3.1769e-05 1.88987e-05 8.69587e-06 6.73004e-06 
0.000287518 0.000303418 0.000308958 0.000236426 0.000105267 8.73407e-05 0.000179595 0.000234565 0.000235458 0.000247754 0.000269891 0.000276987 0.000272398 0.000251007 0.000189843 0.000127334 6.19439e-05 2.70691e-05 -6.14858e-06 -1.91032e-05 -4.34856e-06 2.56876e-05 4.48504e-05 6.58521e-05 
0.000216692 0.000236711 0.000217093 0.000150666 8.31447e-05 0.000173625 0.000258083 0.000267248 0.000251648 0.000268183 0.000282459 0.000281035 0.000268568 0.000233013 0.000160675 7.60759e-05 6.16884e-06 -4.26531e-05 -6.46312e-05 -1.42901e-05 5.801e-05 0.000129751 0.000172615 0.000202888 
0.000139282 0.000126251 9.21941e-05 7.01783e-05 0.000126175 0.000229665 0.000274841 0.000261894 0.000258214 0.000270326 0.000278301 0.000274244 0.000251347 0.000200746 0.000131082 5.78245e-05 -1.01553e-05 -6.24374e-05 -3.31395e-05 4.18873e-05 0.000153129 0.00024821 0.000290355 0.000311243 
3.53108e-05 1.73767e-05 1.51895e-05 7.53082e-05 0.000156796 0.000234588 0.000245302 0.000242995 0.000244616 0.000248194 0.000253325 0.000252269 0.000231941 0.000167449 0.000110712 4.83679e-05 -9.68395e-06 -2.66108e-05 2.91832e-05 0.000132478 0.000292726 0.000400287 0.000419852 0.000417649 
1.10812e-05 1.9493e-05 5.86951e-05 0.000113617 0.00019225 0.000220024 0.000232802 0.000244505 0.000247093 0.000246472 0.00024576 0.000240027 0.000219264 0.000165531 0.000117772 6.10414e-05 1.73723e-05 2.26295e-05 8.45187e-05 0.00023101 0.000376539 0.000431771 0.000412129 0.000367535 
5.64248e-05 7.44101e-05 0.000111509 0.000166135 0.000201058 0.000206977 0.000218998 0.000224543 0.0002289 0.00023189 0.000231337 0.000224881 0.000205242 0.000166685 0.000130312 8.81246e-05 6.38671e-05 6.6968e-05 0.00013956 0.000273002 0.00036431 0.000322134 0.000271066 0.000219374 
9.53505e-05 0.000125321 0.000156473 0.000186032 0.000191816 0.000198621 0.000205045 0.000208181 0.000214824 0.000216155 0.000211043 0.000203367 0.000190362 0.000169017 0.00014231 0.000114463 0.000104466 0.000112875 0.000183273 0.000265922 0.000287873 0.000293683 0.000251074 0.000198503 
0.000118009 0.000134341 0.000160514 0.000183333 0.000191825 0.000202103 0.000208243 0.000212011 0.000213791 0.000211347 0.000206698 0.000201767 0.000186277 0.00016794 0.000147782 0.000135337 0.000134688 0.000182844 0.000251601 0.000312718 0.000328203 0.000311273 0.000253694 0.000185286 
0.00011521 0.000144498 0.000177217 0.000203752 0.000211168 0.000225359 0.000234596 0.000233289 0.0002291 0.000219821 0.000205586 0.000193702 0.000172923 0.000155243 0.000150156 0.000150379 0.000196887 0.000300988 0.000377977 0.000379841 0.00034824 0.000308668 0.000243425 0.000185958 
0.000124655 0.000152077 0.000183705 0.00021915 0.000249179 0.000271628 0.00028061 0.000269655 0.000255975 0.000239892 0.000212357 0.000187041 0.000166144 0.000158153 0.000154811 0.000185769 0.000281247 0.000412007 0.000467037 0.000452168 0.000438167 0.000448226 0.000368416 0.000270396 
0.000184543 0.000205732 0.000250346 0.000288078 0.000307585 0.000302101 0.000301771 0.000298579 0.000295738 0.000276393 0.00025882 0.000221582 0.000200361 0.000187749 0.000207937 0.00028286 0.000407907 0.00048582 0.000505882 0.000504629 0.000506039 0.00049109 0.000399496 0.000272994 
0.000206102 0.00023564 0.000269178 0.000288673 0.000280372 0.000277339 0.000288411 0.000294199 0.00029804 0.00029142 0.000270742 0.000260458 0.000257131 0.000250059 0.000263692 0.00031879 0.000379635 0.00041367 0.000411232 0.00038636 0.000359833 0.000307257 0.000256866 0.000195921 
0.00018072 0.000190792 0.000228483 0.0002795 0.000324824 0.000355117 0.000354959 0.000351595 0.000351205 0.000333257 0.000283407 0.000241358 0.000215754 0.000204014 0.000226069 0.000297465 0.000321227 0.000301837 0.000270015 0.000254079 0.000238424 0.000212195 0.000170123 0.000127067 
9.07926e-05 0.00011945 0.000165132 0.000215098 0.00024471 0.000236875 0.000235131 0.000237916 0.000235411 0.000221861 0.000173106 0.000141597 0.000144146 0.000137581 0.000139933 0.000167612 0.000158287 0.000136134 0.000137184 0.000134223 0.000135886 0.000123159 7.97915e-05 4.99645e-05 
-4.04893e-06 6.37029e-06 7.13325e-06 4.74836e-06 -5.81986e-06 3.79043e-06 1.55767e-05 2.00427e-05 2.54406e-05 1.93475e-05 8.23922e-06 5.87826e-06 1.31752e-05 1.07122e-05 1.15356e-05 3.64279e-06 6.77465e-06 2.39571e-05 9.6692e-06 -1.79653e-06 1.59423e-05 2.85625e-05 1.76357e-05 5.71447e-06 
