-3.64529e-05 -4.40445e-05 -5.34865e-05 -8.25397e-05 -0.00011742 -0.000147436 -0.000130464 -0.000108464 -0.000100593 -8.677e-05 -5.38761e-05 -1.42394e-05 2.08334e-05 3.30915e-05 3.49751e-05 3.4405e-05 3.73598e-05 3.34799e-05 2.06699e-05 -3.53118e-06 -1.03669e-05 -9.40481e-06 -7.49736e-06 -7.84217e-06 
-4.12103e-05 -5.03787e-05 -6.2206e-05 -9.22587e-05 -0.000122131 -0.000159115 -0.000168765 -0.000151852 -0.000147848 -0.000155712 -0.000144067 -0.000118514 -6.94092e-05 -3.04688e-05 8.63849e-07 3.07127e-05 3.36781e-05 2.05719e-05 2.71832e-05 2.35689e-05 1.08453e-05 -7.65518e-06 -1.12225e-05 -1.29006e-05 
-3.74406e-05 -4.70144e-05 -6.95081e-05 -0.000110705 -0.000121254 -0.000134254 -0.000160996 -0.000204877 -0.000277659 -0.000366792 -0.000458184 -0.000508576 -0.000488686 -0.000429964 -0.000326964 -0.000219709 -0.000122086 -3.89518e-05 -1.89012e-06 1.67097e-06 -1.85419e-05 -3.63708e-05 -3.66683e-05 -3.44383e-05 
-6.28111e-05 -7.82931e-05 -9.32867e-05 -0.00012802 -0.000154584 -0.000205978 -0.000266493 -0.000381 -0.000492385 -0.000596471 -0.000659151 -0.000733208 -0.000743396 -0.000706204 -0.000616199 -0.000476221 -0.000335513 -0.000196695 -7.44782e-05 -1.93652e-05 -1.17608e-05 -3.82404e-05 -4.55913e-05 -4.50098e-05 
-7.04045e-05 -8.53189e-05 -0.000104822 -0.000151971 -0.000230076 -0.000283464 -0.000331325 -0.000441991 -0.000566332 -0.000640091 -0.000690273 -0.000714917 -0.000762592 -0.000765337 -0.000729532 -0.000642743 -0.000525684 -0.000385925 -0.000238359 -0.000146976 -0.00011997 -0.000118511 -8.13058e-05 -3.54963e-05 
-5.97618e-05 -7.15192e-05 -9.6686e-05 -0.000176635 -0.000266856 -0.000342561 -0.000441195 -0.000565574 -0.000670036 -0.000745807 -0.000801304 -0.000810117 -0.000847343 -0.000889169 -0.000873516 -0.000828976 -0.000666707 -0.000530034 -0.000435935 -0.000344313 -0.000286085 -0.000218584 -0.000151647 -0.00010492 
-6.0426e-05 -7.27605e-05 -0.00011583 -0.0002113 -0.000322001 -0.00041271 -0.000531326 -0.000671029 -0.000777913 -0.000889579 -0.000924515 -0.000923311 -0.00091768 -0.000898351 -0.000908751 -0.000938281 -0.000855789 -0.000731468 -0.000634948 -0.000559424 -0.000469313 -0.000340099 -0.000241101 -0.000168916 
-5.30431e-05 -6.60998e-05 -9.73469e-05 -0.000157228 -0.000250079 -0.000343679 -0.000493866 -0.000634171 -0.000703949 -0.000755598 -0.000815943 -0.000838502 -0.000873128 -0.000905096 -0.000938522 -0.000964468 -0.000957908 -0.000925441 -0.000891599 -0.000810056 -0.000686167 -0.000554178 -0.000412815 -0.000313716 
-7.75839e-05 -9.40095e-05 -0.000121333 -0.000183667 -0.000264013 -0.000358638 -0.000504996 -0.000628719 -0.00068013 -0.000738982 -0.00078379 -0.000766058 -0.000838689 -0.000876608 -0.000943323 -0.00107973 -0.00112864 -0.00113175 -0.00114842 -0.0010256 -0.000859381 -0.00068707 -0.000527672 -0.000378074 
-9.04896e-05 -0.00011142 -0.000138195 -0.00019248 -0.000287282 -0.000414239 -0.000534508 -0.000658866 -0.000809536 -0.00090359 -0.000912005 -0.000923311 -0.000949471 -0.000972041 -0.00107638 -0.00120678 -0.00120345 -0.00126767 -0.00129957 -0.00120679 -0.00100103 -0.000779917 -0.000587448 -0.000434298 
-8.185e-05 -0.00011143 -0.000147747 -0.000219387 -0.000318515 -0.000414883 -0.000535175 -0.000650442 -0.000813862 -0.000949045 -0.00102474 -0.00103375 -0.00106768 -0.00110308 -0.0011427 -0.00119572 -0.00123043 -0.00125687 -0.00128 -0.0012141 -0.00106182 -0.000826615 -0.000594686 -0.000381923 
-6.37268e-05 -9.38322e-05 -0.000122931 -0.000179432 -0.000257398 -0.000340037 -0.000428068 -0.00054058 -0.000718742 -0.000894732 -0.00103806 -0.00115166 -0.00124558 -0.00124858 -0.00124913 -0.00126155 -0.0012601 -0.00130676 -0.00129739 -0.00122692 -0.00113266 -0.000985674 -0.00074847 -0.000511204 
-4.96045e-05 -8.43708e-05 -0.000119119 -0.000151018 -0.000234586 -0.000349458 -0.00044361 -0.000586371 -0.000775813 -0.00100515 -0.00122512 -0.00140175 -0.00146898 -0.00144421 -0.00136551 -0.00131016 -0.00126864 -0.00127466 -0.00127912 -0.00124789 -0.00118181 -0.00105783 -0.000879549 -0.000671331 
-6.14398e-05 -8.47044e-05 -5.15353e-05 -6.57139e-05 -0.000208964 -0.00033844 -0.000483052 -0.000679135 -0.000912697 -0.00116086 -0.00139991 -0.00155524 -0.00152795 -0.00143869 -0.00137812 -0.00135751 -0.00134851 -0.00132537 -0.00129326 -0.00124706 -0.00117064 -0.00104213 -0.000871853 -0.000701141 
-4.39492e-05 2.29808e-06 -1.6843e-05 -8.07281e-05 -0.000220113 -0.000437303 -0.000620178 -0.000825614 -0.00106271 -0.00128425 -0.00143699 -0.00144767 -0.0013608 -0.0012863 -0.00124359 -0.0012354 -0.00123201 -0.00123834 -0.00122533 -0.00119683 -0.00114816 -0.00103965 -0.000878799 -0.000703929 
3.80339e-05 9.62462e-06 -4.47279e-05 -0.000219672 -0.000439681 -0.000663079 -0.000850297 -0.00102624 -0.0012079 -0.00129919 -0.00134054 -0.00123132 -0.001121 -0.00105742 -0.00101503 -0.000988068 -0.000962205 -0.000935565 -0.000913511 -0.000893238 -0.000849623 -0.000755575 -0.000628247 -0.000500147 
-6.01926e-06 -9.26652e-05 -0.000263481 -0.000471037 -0.000698711 -0.000896643 -0.00107993 -0.0012683 -0.00132224 -0.00130254 -0.00119061 -0.00103744 -0.00092067 -0.000829927 -0.000775404 -0.000728126 -0.000674176 -0.000634466 -0.000602447 -0.000564524 -0.000518541 -0.000445154 -0.000373318 -0.000305471 
-6.29766e-05 -0.000230157 -0.000455278 -0.000676878 -0.000872233 -0.00109088 -0.00133217 -0.00138876 -0.00139546 -0.00127689 -0.00107542 -0.000898308 -0.000769303 -0.000659755 -0.0005731 -0.00048637 -0.000397119 -0.000324039 -0.000302164 -0.000292876 -0.000278116 -0.000243658 -0.000198902 -0.000161785 
-0.00019564 -0.000417856 -0.000628542 -0.000829092 -0.00108946 -0.00136316 -0.00151967 -0.00158631 -0.00144954 -0.00118073 -0.000952811 -0.000743823 -0.000598232 -0.000493654 -0.000388685 -0.000295664 -0.000204667 -0.000117965 -7.33571e-05 -5.02737e-05 -2.64214e-05 -5.8001e-06 6.40069e-06 6.73479e-06 
-0.000326878 -0.000550625 -0.000756082 -0.00104287 -0.00131419 -0.00156176 -0.00166051 -0.00157618 -0.00131863 -0.0010362 -0.000750746 -0.000526208 -0.00039467 -0.000290214 -0.00014157 1.25167e-05 0.000164316 0.00027009 0.000313044 0.000322418 0.000319723 0.000294837 0.00024585 0.00019491 
-0.000448565 -0.000666471 -0.000930919 -0.00116753 -0.00141679 -0.00156581 -0.00152505 -0.00132924 -0.00108022 -0.000747989 -0.000466246 -0.000289663 -6.73536e-05 9.76663e-05 0.00019539 0.000288283 0.000328512 0.000354284 0.000356234 0.000348481 0.00031286 0.000266841 0.000214342 0.0001728 
-0.000550323 -0.000834215 -0.00105498 -0.00125493 -0.0013849 -0.00136653 -0.00119378 -0.000965567 -0.000695197 -0.000449585 -0.000266892 -2.34411e-06 0.000103066 0.000181031 0.000261281 0.000333991 0.000372465 0.000368154 0.000333686 0.000312369 0.000283282 0.000242487 0.000192194 0.00014424 
-0.000663606 -0.00091399 -0.00110957 -0.00123696 -0.00124377 -0.00104513 -0.000788345 -0.00053775 -0.000303191 -0.000185048 2.60765e-05 0.000106751 0.000145704 0.000179856 0.000225261 0.000266877 0.000287401 0.000305591 0.000300464 0.000274629 0.000243475 0.000207546 0.000162794 0.000118256 
-0.0006971 -0.000929085 -0.00109208 -0.00114471 -0.00101459 -0.000747878 -0.000394806 -0.000145838 4.88864e-06 0.000145259 0.000220591 0.000253541 0.000263394 0.000264787 0.000261934 0.000242312 0.000249259 0.000263476 0.000240419 0.000209368 0.000188184 0.000166029 0.000137117 0.000105634 
-0.000715915 -0.000902226 -0.00102479 -0.00100086 -0.00080152 -0.000432063 -0.000125241 7.9158e-05 0.000224113 0.000281864 0.000336614 0.000351024 0.000349572 0.000330173 0.000285688 0.000233126 0.000221056 0.000192549 0.00018521 0.000158251 0.000135776 0.000125784 0.000112763 9.76944e-05 
-0.000716732 -0.000834239 -0.000864654 -0.000754059 -0.000477049 -0.000131274 0.000143672 0.000264164 0.000298493 0.00033287 0.000360272 0.000361097 0.000331763 0.000292688 0.000264209 0.000234165 0.000206203 0.000163776 0.000120439 0.000110714 0.00012929 0.000127253 0.000131579 0.000126782 
-0.000601346 -0.000648901 -0.000622777 -0.000461124 -0.000199601 0.000152648 0.000351572 0.0003738 0.000373167 0.000370628 0.000365095 0.000347816 0.000296953 0.000247912 0.000216296 0.000189824 0.000183659 0.00013474 0.000106196 0.000124634 0.000143926 0.00012122 9.26488e-05 6.18997e-05 
-0.000472012 -0.000483301 -0.000416421 -0.000252 -1.786e-05 0.000291375 0.000358493 0.000379702 0.000377042 0.000360887 0.000335433 0.000311873 0.000268043 0.000214223 0.000185249 0.000173085 0.000161913 0.000133833 0.000117622 0.000128741 5.3197e-05 -1.77657e-05 -6.38352e-05 -9.82963e-05 
-0.000333663 -0.000302971 -0.00025916 -0.000126055 0.000149324 0.000279372 0.000327724 0.000343168 0.000337356 0.000322627 0.000300158 0.000272524 0.000239361 0.00021042 0.00018618 0.000178709 0.000161898 0.000136078 0.00013756 6.42263e-05 -2.61664e-05 -0.000106986 -0.000152231 -0.00015218 
-0.000142274 -0.00014664 -7.45081e-05 0.000101509 0.000215779 0.000256564 0.000290081 0.000290495 0.000283501 0.000276215 0.000259944 0.000236738 0.000223875 0.000206657 0.000180881 0.000177007 0.000164261 0.000144718 0.000106718 3.22045e-06 -0.000107051 -0.00018556 -0.000229494 -0.000255532 
8.66699e-06 7.56093e-05 0.000148149 0.00022778 0.000227101 0.000241376 0.000242018 0.000240657 0.000239991 0.000235762 0.000223087 0.000209326 0.000218109 0.00021456 0.000188298 0.000180747 0.00018042 0.000156851 7.85667e-05 -4.54744e-05 -0.000156073 -0.00026827 -0.000284848 -0.000282028 
0.000165499 0.000211959 0.000234238 0.000245566 0.000232331 0.000224645 0.000212948 0.000207503 0.000204553 0.000196301 0.000191109 0.000186308 0.000197728 0.000202568 0.000188039 0.000178703 0.000174074 0.000144244 5.09708e-05 -4.87015e-05 -0.000170537 -0.000275944 -0.000265752 -0.000228567 
0.000192177 0.000230198 0.000248211 0.000247384 0.000226464 0.000207381 0.000194264 0.000186224 0.000175079 0.000164009 0.000162704 0.000165217 0.000162388 0.000155261 0.000144018 0.000132904 0.000128853 8.33863e-05 4.21756e-06 -9.23358e-05 -0.000221974 -0.000231275 -0.000217889 -0.000182101 
0.000164614 0.000192247 0.000218501 0.000222347 0.000203803 0.000190883 0.000184939 0.000174883 0.00016107 0.000141711 0.000138352 0.000129076 0.000121371 0.000111556 9.70991e-05 8.21785e-05 7.54343e-05 1.29816e-05 -7.31014e-05 -0.00016817 -0.000187459 -0.000207708 -0.000191674 -0.00016001 
0.000123863 0.000140588 0.00015973 0.000167492 0.000161588 0.000146691 0.000144027 0.000141143 0.000141802 0.000148411 0.000158264 0.000145057 0.000130686 0.000115424 9.43868e-05 7.6565e-05 4.02804e-05 -3.23953e-05 -0.000174367 -0.000197477 -0.000213616 -0.000224625 -0.00022003 -0.000188844 
0.000109183 0.000129626 0.000142275 0.00015175 0.000144327 0.000137695 0.000134399 0.000135458 0.000143635 0.000167634 0.00017081 0.00015994 0.000154539 0.000148976 0.00012378 7.61444e-05 -1.32806e-05 -0.000131586 -0.000222231 -0.000222163 -0.000263476 -0.000278473 -0.000261175 -0.000209069 
6.83031e-05 8.98954e-05 0.000105289 0.000107465 0.000102836 8.88178e-05 8.51116e-05 9.15635e-05 0.000109781 0.000141663 0.000163568 0.000164463 0.000147971 0.000132107 9.66747e-05 1.0027e-05 -8.60497e-05 -0.000224722 -0.000296064 -0.000343357 -0.000334224 -0.000321064 -0.000282678 -0.000221088 
-9.75792e-06 1.43462e-05 2.48787e-05 2.95186e-05 2.27871e-05 5.88637e-06 -1.40488e-06 5.49571e-06 1.72562e-05 3.88841e-05 5.85932e-05 8.3165e-05 9.55432e-05 8.22586e-05 4.60144e-05 -1.79968e-05 -0.000158736 -0.000289639 -0.000398445 -0.000418339 -0.000385147 -0.000332399 -0.000272275 -0.000198988 
-0.000125713 -0.000104565 -0.000112815 -0.000122551 -0.000131187 -0.000122379 -0.000106387 -9.74924e-05 -9.03147e-05 -6.32926e-05 -2.22378e-05 1.48084e-05 3.15857e-05 2.55545e-05 -4.64553e-06 -5.95978e-05 -0.000218459 -0.000281913 -0.000327127 -0.000328601 -0.000289455 -0.000223205 -0.000163515 -0.000107352 
-8.13969e-05 -0.000101181 -0.000112585 -0.000122531 -0.000124045 -0.00012592 -0.000131631 -0.000137346 -0.00013155 -0.00010007 -4.68451e-05 -2.88294e-06 1.20826e-05 1.23896e-05 -4.75746e-05 -0.000135634 -0.00018129 -0.000192383 -0.000211523 -0.00020944 -0.000167472 -0.000110049 -7.56437e-05 -5.21823e-05 
