3.10435e-05 3.83639e-05 3.91893e-05 3.13375e-05 4.21261e-05 5.124e-05 4.90587e-05 5.70033e-05 6.96757e-05 8.51579e-05 8.91662e-05 8.49412e-05 8.18308e-05 7.53315e-05 7.01821e-05 6.4885e-05 5.6288e-05 4.2863e-05 3.41607e-05 2.93193e-05 1.86412e-05 1.64043e-05 1.46746e-05 1.27045e-05 
2.12347e-05 2.63391e-05 2.39034e-05 1.17331e-05 2.50507e-05 5.38187e-05 6.71064e-05 8.63604e-05 0.000111523 0.000131164 0.000140986 0.000146352 0.000156562 0.00017008 0.000162263 0.000139786 0.00011242 8.97897e-05 6.90217e-05 5.81466e-05 4.49373e-05 3.48473e-05 3.15037e-05 2.90247e-05 
-5.09773e-06 -5.15236e-06 -2.74534e-06 -1.20207e-06 1.14557e-05 2.92497e-05 5.09903e-05 6.92199e-05 7.94272e-05 9.59913e-05 0.000115933 0.000144206 0.000191864 0.00021034 0.000200842 0.000189448 0.000175347 0.000153534 0.00012206 8.66676e-05 6.67415e-05 4.3717e-05 3.09349e-05 2.61897e-05 
1.68931e-05 2.14154e-05 2.31399e-05 2.49147e-05 2.71625e-05 1.87219e-05 3.48288e-05 6.10419e-05 8.59331e-05 0.00010923 0.000144476 0.000196268 0.000233994 0.00024161 0.000230203 0.00022695 0.000230992 0.000208002 0.000175101 0.000124007 8.65376e-05 5.48253e-05 2.54743e-05 1.32464e-05 
1.63079e-05 1.90817e-05 2.73422e-05 3.62846e-05 4.88571e-05 6.46744e-05 9.00121e-05 0.00012724 0.000139371 0.000137127 0.00014877 0.000172085 0.000161865 0.000159538 0.000170838 0.000209218 0.00023935 0.000241417 0.000199356 0.000149954 8.15879e-05 3.36333e-05 -2.04699e-05 -6.05946e-05 
1.71984e-05 2.18249e-05 2.53516e-05 3.46736e-05 3.96799e-05 2.75478e-05 3.8783e-05 4.55697e-05 2.09782e-05 -4.44977e-06 8.95454e-06 2.27168e-05 3.50902e-05 9.09845e-05 0.000123197 0.000139181 0.000214903 0.000247283 0.000232196 0.000196441 0.000143945 0.000100502 4.41924e-05 -1.28867e-05 
2.4337e-05 3.21681e-05 3.7578e-05 4.37573e-05 3.01672e-05 -8.54327e-06 -1.98331e-05 -4.43675e-05 -9.04197e-05 -0.000147346 -0.000139568 -0.000109418 -7.38393e-05 -3.04779e-05 2.44331e-05 9.81905e-05 0.000179832 0.000250613 0.000258732 0.000241102 0.000212708 0.0001709 0.000113599 5.59326e-05 
1.59126e-05 2.11292e-05 2.79217e-05 3.05313e-05 1.8907e-05 9.58271e-06 -1.01506e-05 -3.65992e-05 -9.49169e-05 -0.000129234 -0.000145891 -0.000141986 -0.000137885 -0.000112585 -4.85907e-05 4.59396e-05 0.000147449 0.000248148 0.000311515 0.000324279 0.000274155 0.000210743 0.000137854 7.08644e-05 
2.67197e-05 3.2609e-05 4.06351e-05 5.17388e-05 7.67609e-05 9.17489e-05 7.53675e-05 5.30952e-05 -1.8577e-06 -5.38142e-05 -8.79149e-05 -0.000117524 -0.000168894 -0.00018888 -0.000157378 -6.62111e-05 4.34189e-05 0.000146918 0.000234654 0.000266467 0.000245214 0.000188269 0.000117912 3.85226e-05 
2.41198e-05 3.12608e-05 3.06744e-05 4.15493e-05 6.11959e-05 5.28822e-05 3.37476e-05 1.68269e-05 -4.68529e-06 -5.02573e-05 -9.67188e-05 -0.000137328 -0.000180639 -0.000222656 -0.000223326 -0.000189658 -0.000143189 -9.22036e-05 -2.47047e-05 1.24124e-05 3.62268e-05 3.23e-05 1.88943e-05 -1.66013e-05 
2.42736e-05 3.08183e-05 3.10921e-05 2.12206e-05 1.0792e-05 -4.23006e-06 -1.90795e-05 -4.32058e-05 -5.11258e-05 -4.87374e-05 -7.33533e-05 -9.70267e-05 -0.000142106 -0.000191982 -0.000235007 -0.000242127 -0.000211254 -0.000197605 -0.000182781 -0.000129267 -8.54203e-05 -4.4623e-05 -2.77578e-05 -3.71769e-05 
9.58995e-06 1.32446e-05 2.01208e-05 2.56548e-05 3.194e-05 4.32201e-05 3.66073e-05 2.65326e-05 1.60863e-05 1.05995e-05 -1.12665e-05 -3.22843e-05 -8.80303e-05 -0.00014 -0.000198353 -0.000235054 -0.000256458 -0.000232153 -0.000227813 -0.000193734 -0.000127673 -7.96167e-05 -4.42681e-05 -3.11305e-05 
2.10183e-05 2.69513e-05 4.76597e-05 5.69509e-05 5.67266e-05 4.99428e-05 5.55032e-05 5.2976e-05 2.61149e-05 -7.44795e-06 -3.71812e-05 -6.78054e-05 -0.000103687 -0.000168833 -0.000246246 -0.000296876 -0.000300743 -0.000305806 -0.000294316 -0.000271407 -0.000205821 -0.000138023 -7.75526e-05 -3.6367e-05 
3.10207e-05 4.76106e-05 8.0356e-05 9.20647e-05 7.52199e-05 7.5544e-05 9.92686e-05 9.05611e-05 5.40022e-05 -1.18249e-05 -8.52372e-05 -0.000134748 -0.00019515 -0.000270025 -0.000304303 -0.000325128 -0.00032388 -0.000315304 -0.000297468 -0.000277343 -0.000251326 -0.000212675 -0.000166852 -0.000115568 
2.97855e-05 4.71145e-05 6.00266e-05 8.73551e-05 0.000119821 0.000140838 0.000169084 0.000172673 0.000112737 -7.61906e-06 -0.000115589 -0.000203495 -0.000264657 -0.000294991 -0.000304114 -0.000304074 -0.000304175 -0.000303157 -0.000296988 -0.000288588 -0.000283501 -0.000267321 -0.000230586 -0.000184604 
2.2648e-05 3.44035e-05 8.24195e-05 0.000143147 0.000174302 0.000208688 0.000250718 0.000210878 0.00011111 6.9662e-07 -9.80297e-05 -0.000179664 -0.000226166 -0.000240856 -0.000252263 -0.000244078 -0.000237947 -0.00024069 -0.00024898 -0.000256031 -0.000259777 -0.000253111 -0.000227867 -0.000192375 
4.42713e-05 9.57439e-05 0.000154864 0.000195863 0.000230909 0.00027204 0.000257654 0.0001826 8.45915e-05 -1.33117e-05 -8.88029e-05 -0.000158046 -0.00021029 -0.000228364 -0.000217552 -0.000200599 -0.000194068 -0.000192012 -0.000194552 -0.000205383 -0.000215385 -0.000210967 -0.000192565 -0.000164252 
0.000110523 0.00016533 0.000217224 0.000249423 0.000270097 0.000261397 0.000204998 0.000121039 1.30109e-05 -6.58287e-05 -0.000159538 -0.000222394 -0.000247485 -0.00024214 -0.000225118 -0.000219864 -0.00022194 -0.000223535 -0.000231938 -0.000242961 -0.000251967 -0.000240554 -0.000213087 -0.000173028 
0.000160192 0.000222083 0.00026589 0.000277422 0.000243878 0.000178438 0.000110122 3.60053e-06 -7.51919e-05 -0.000147598 -0.000213286 -0.000242002 -0.000259153 -0.0002594 -0.000256983 -0.000267502 -0.000270502 -0.000272305 -0.000265316 -0.000246874 -0.000226064 -0.000192452 -0.00015242 -0.000114966 
0.000180181 0.000218742 0.000211817 0.00013694 4.73078e-05 -2.78704e-05 -0.000112442 -0.000171044 -0.000216048 -0.000225106 -0.000218214 -0.000203951 -0.000215191 -0.000216541 -0.000216964 -0.000211637 -0.000199298 -0.000168182 -0.000139018 -0.000120296 -0.000104919 -8.85888e-05 -7.12547e-05 -5.59585e-05 
0.000143373 0.000127526 4.40707e-05 -3.31896e-05 -9.02826e-05 -0.000169286 -0.000251802 -0.000309525 -0.000299617 -0.000238578 -0.000188602 -0.000176453 -0.000175449 -0.000167315 -0.000150445 -0.000146174 -0.000132457 -0.000112489 -7.9019e-05 -6.13572e-05 -4.90779e-05 -3.94325e-05 -3.19376e-05 -2.58329e-05 
8.68421e-05 1.67528e-05 -3.79461e-05 -8.14812e-05 -0.000140106 -0.000210281 -0.000288125 -0.00030809 -0.00025434 -0.00018918 -0.000168145 -0.000172533 -0.00017303 -0.000136175 -0.000112266 -0.000119393 -0.000131343 -0.000127715 -0.000122658 -0.000124078 -0.000123488 -0.000112242 -8.47158e-05 -5.96159e-05 
8.05826e-06 -5.32301e-05 -9.04484e-05 -0.000135348 -0.000177324 -0.000236367 -0.000272765 -0.000249821 -0.000197832 -0.000177975 -0.000199727 -0.000188461 -0.000168408 -0.000136942 -0.000124801 -0.000116414 -0.000114977 -0.00012245 -0.000115825 -8.40655e-05 -6.29448e-05 -4.97163e-05 -3.89071e-05 -3.12372e-05 
-4.5364e-05 -9.13018e-05 -0.000115169 -0.000156532 -0.000238954 -0.000284605 -0.000264593 -0.000216141 -0.000191368 -0.00019442 -0.000193261 -0.000181738 -0.000167333 -0.000154965 -0.000143883 -0.0001242 -0.000124345 -0.000119404 -7.44409e-05 -4.56161e-05 -2.77987e-05 -2.22436e-05 -2.10655e-05 -2.27766e-05 
-6.78134e-05 -9.27622e-05 -0.000103857 -0.000166855 -0.000253314 -0.000268136 -0.000198468 -0.000155302 -0.000140474 -0.00016634 -0.000183888 -0.000183694 -0.000171935 -0.000158436 -0.00013756 -0.000122159 -0.000123082 -9.99578e-05 -7.83915e-05 -7.49337e-05 -7.45833e-05 -7.5633e-05 -6.51298e-05 -5.24154e-05 
-8.28204e-05 -0.000100054 -0.000128913 -0.000186192 -0.000240627 -0.000193722 -0.000147077 -0.000121597 -0.00012633 -0.000145788 -0.000161768 -0.000172309 -0.000174807 -0.000156994 -0.000124978 -0.00010673 -0.000105606 -9.36713e-05 -8.84754e-05 -8.47159e-05 -8.34387e-05 -7.40954e-05 -5.13847e-05 -2.3167e-05 
-0.000147279 -0.000172085 -0.000189795 -0.000213203 -0.000181641 -0.00017195 -0.000134856 -0.0001282 -0.0001291 -0.00012734 -0.000131706 -0.000146975 -0.000157912 -0.000143987 -0.000121373 -0.00011278 -0.000110845 -0.000101827 -8.71855e-05 -6.1979e-05 -3.35706e-05 -1.47576e-05 -6.55132e-06 5.85686e-06 
-0.000177975 -0.000191242 -0.000196212 -0.000167961 -0.000165255 -0.000118566 -0.000118322 -0.000122744 -0.000118984 -0.000122377 -0.000125354 -0.000126114 -0.000129518 -0.000123298 -0.000118322 -0.000108532 -0.00010573 -9.49969e-05 -6.06489e-05 -9.73547e-06 1.83601e-05 5.81145e-06 4.21801e-06 8.42528e-06 
-0.000151887 -0.000154566 -0.000143661 -0.00014289 -0.000113949 -8.53127e-05 -8.84907e-05 -9.02982e-05 -8.97401e-05 -9.35501e-05 -9.96962e-05 -0.000104067 -0.000104469 -0.00010648 -0.000104835 -9.35984e-05 -8.90048e-05 -7.31823e-05 -3.83602e-05 2.16368e-05 3.80668e-05 2.257e-05 1.47796e-05 2.85484e-06 
-0.000107422 -0.000108078 -0.000117851 -0.000108159 -8.74544e-05 -6.40878e-05 -6.52785e-05 -6.10822e-05 -5.90208e-05 -5.93135e-05 -6.16608e-05 -6.77291e-05 -7.29661e-05 -8.00478e-05 -8.28726e-05 -7.58232e-05 -6.86143e-05 -6.30118e-05 -4.11993e-05 2.85099e-06 3.16666e-06 1.63216e-05 1.91867e-05 2.75768e-05 
-8.80645e-05 -0.000100629 -9.9959e-05 -9.47998e-05 -7.87988e-05 -6.17189e-05 -5.93494e-05 -5.10658e-05 -4.26238e-05 -3.56541e-05 -3.57563e-05 -3.96798e-05 -4.28756e-05 -4.71163e-05 -4.68433e-05 -4.62621e-05 -5.02112e-05 -7.05959e-05 -6.44288e-05 -2.94091e-05 1.43891e-05 3.09161e-05 3.39646e-05 3.74867e-05 
-3.02131e-05 -5.08288e-05 -7.20996e-05 -7.71283e-05 -7.15645e-05 -6.87784e-05 -6.77186e-05 -6.27113e-05 -4.62439e-05 -3.28177e-05 -3.10534e-05 -3.26068e-05 -3.02524e-05 -2.63936e-05 -2.59919e-05 -3.47939e-05 -5.49881e-05 -8.67369e-05 -6.99606e-05 -2.29599e-05 1.8092e-05 1.87898e-05 1.07493e-05 -2.91252e-06 
-1.93163e-05 -3.74381e-05 -5.03179e-05 -6.0835e-05 -6.62313e-05 -7.77992e-05 -8.74379e-05 -8.65069e-05 -7.40508e-05 -6.20991e-05 -5.9103e-05 -5.16158e-05 -4.35737e-05 -4.04096e-05 -4.42723e-05 -5.63119e-05 -7.89326e-05 -8.31851e-05 -3.60069e-05 -2.46738e-06 4.10059e-06 -9.67922e-06 -3.14014e-05 -4.46182e-05 
-5.60799e-05 -6.66297e-05 -7.59913e-05 -8.38867e-05 -8.76745e-05 -9.54009e-05 -0.000107337 -0.00011088 -0.000102239 -9.17891e-05 -8.04637e-05 -7.40967e-05 -6.9704e-05 -6.09919e-05 -6.25961e-05 -8.3104e-05 -7.74335e-05 -3.45146e-05 -8.63852e-06 -1.6167e-05 -2.87552e-05 -3.42026e-05 -4.30839e-05 -5.80178e-05 
-4.61978e-05 -6.35076e-05 -8.25027e-05 -9.82859e-05 -0.000108935 -0.000112518 -0.000121003 -0.000124056 -0.000113988 -9.61455e-05 -8.46269e-05 -8.16353e-05 -8.24484e-05 -7.9889e-05 -8.58713e-05 -9.08233e-05 -7.37641e-05 -2.25319e-05 -2.9102e-05 -3.78003e-05 -3.8753e-05 -2.82042e-05 -2.49586e-05 -2.29414e-05 
-2.91213e-05 -4.95445e-05 -6.72916e-05 -8.23023e-05 -8.64293e-05 -8.86535e-05 -9.8087e-05 -0.000102529 -0.00010837 -0.000106877 -0.000103649 -9.48836e-05 -9.61584e-05 -9.23506e-05 -9.52418e-05 -9.9285e-05 -6.36035e-05 -5.73659e-05 -5.40433e-05 -3.59184e-05 -3.07217e-05 -1.44785e-05 -1.00531e-05 -2.43161e-06 
-4.19716e-05 -5.06944e-05 -6.54095e-05 -8.59292e-05 -0.00011322 -0.0001235 -0.00013083 -0.000124798 -0.000116903 -0.000109801 -0.000112631 -0.000103694 -9.55012e-05 -9.06675e-05 -0.000100241 -8.72457e-05 -7.00084e-05 -5.73197e-05 -4.52417e-05 -4.1209e-05 -3.84776e-05 -2.52522e-05 -2.52404e-05 -1.87243e-05 
-3.7474e-05 -5.59056e-05 -6.46403e-05 -6.99285e-05 -7.63601e-05 -8.11918e-05 -8.96796e-05 -8.56854e-05 -7.27734e-05 -6.33136e-05 -7.92106e-05 -0.000101975 -0.000104831 -9.29786e-05 -8.3903e-05 -6.85051e-05 -3.86701e-05 -2.5813e-05 -1.9207e-05 -2.0881e-05 -2.04643e-05 -1.65323e-05 -1.58374e-05 -1.35897e-05 
-3.89578e-05 -5.97225e-05 -7.05711e-05 -7.49145e-05 -5.77974e-05 -3.76483e-05 -3.49561e-05 -3.92159e-05 -3.973e-05 -5.36787e-05 -9.18955e-05 -0.000108276 -0.000107216 -0.000101872 -9.44588e-05 -6.10393e-05 -1.91077e-05 -1.03649e-05 -2.67839e-05 -3.16398e-05 -3.12915e-05 -3.66562e-05 -4.00389e-05 -3.60575e-05 
-2.4951e-05 -3.47659e-05 -3.38223e-05 -3.17725e-05 -1.94962e-05 -7.93333e-06 -8.02851e-06 -7.62801e-06 -8.02489e-06 -3.35175e-05 -7.05724e-05 -8.22108e-05 -7.75981e-05 -7.68629e-05 -6.50354e-05 -3.83184e-05 -2.58992e-05 -1.88123e-05 -3.20883e-05 -3.96258e-05 -3.78389e-05 -4.13286e-05 -3.9413e-05 -3.07527e-05 
