-7.43989e-05 -8.52754e-05 -8.92645e-05 -8.28608e-05 -6.65889e-05 -4.37431e-05 -1.86287e-05 -4.70416e-05 -8.02393e-05 -8.886e-05 -8.05859e-05 -6.95678e-05 -7.4406e-05 -8.36841e-05 -8.93026e-05 -8.89752e-05 -8.13305e-05 -6.29963e-05 -4.01863e-05 -2.87932e-05 -2.2621e-05 -2.07888e-05 -1.8479e-05 -1.74396e-05 
-9.5799e-05 -0.000108911 -0.000118347 -0.000133978 -0.000136904 -0.000134213 -0.000155801 -0.000150815 -0.000133129 -0.000109376 -5.20948e-05 1.10748e-05 4.82998e-05 4.60453e-05 2.39835e-05 -1.09027e-05 -5.17616e-05 -7.14646e-05 -7.03703e-05 -4.94134e-05 -3.91634e-05 -4.1699e-05 -3.93507e-05 -3.76427e-05 
-0.000109635 -0.000122113 -0.000141494 -0.000173828 -0.000228323 -0.000260784 -0.000259417 -0.0002344 -0.000205944 -0.000166405 -9.97246e-05 -1.41769e-05 1.77644e-05 2.36299e-05 3.91675e-06 -2.4419e-05 -3.92692e-05 -5.80717e-05 -8.84775e-05 -0.000105993 -9.72626e-05 -8.31158e-05 -7.36195e-05 -7.29434e-05 
-8.52182e-05 -9.16049e-05 -0.000112628 -0.000154474 -0.000241391 -0.000292928 -0.00028689 -0.000265784 -0.000258029 -0.000267707 -0.000261571 -0.00017376 -0.000132489 -0.000121111 -0.000124238 -8.40276e-05 -6.60975e-05 -7.13977e-05 -6.95747e-05 -8.11882e-05 -7.67092e-05 -6.58184e-05 -7.18379e-05 -6.80487e-05 
-8.52731e-05 -9.61921e-05 -0.000112423 -0.000162094 -0.000263315 -0.000328822 -0.000339713 -0.000353243 -0.000337591 -0.000318964 -0.00030572 -0.000239573 -0.000202834 -0.000219008 -0.000205113 -0.000189677 -0.00013936 -0.00012673 -9.95503e-05 -8.01757e-05 -0.000124 -0.000122593 -0.000124192 -0.000118087 
-6.65925e-05 -7.96431e-05 -0.000105911 -0.000152591 -0.000223705 -0.000245442 -0.000217043 -0.000159717 -0.000123253 -0.000100177 -7.10631e-05 4.09275e-06 -1.14809e-06 -9.85717e-05 -0.000182393 -0.000180022 -0.000138947 -0.00013669 -0.000183279 -0.000166072 -0.000223115 -0.000297975 -0.000301188 -0.000294528 
-6.7217e-05 -7.82061e-05 -9.56132e-05 -0.000143367 -0.000175927 -0.000159409 -8.4108e-05 -2.85676e-05 1.62295e-05 1.90493e-05 -1.01698e-05 6.18046e-06 -1.20665e-05 -0.000103369 -0.000198918 -0.000188176 -0.000128542 -9.13959e-05 -0.0001538 -0.000231421 -0.000319781 -0.00041401 -0.000451547 -0.000470361 
-6.87362e-05 -8.10246e-05 -0.000100729 -0.000112197 -9.98688e-05 -3.72693e-05 9.2537e-05 0.000156346 0.000161239 9.68245e-05 -3.94224e-07 -2.50905e-05 -6.47218e-05 -0.000154159 -0.000229279 -0.00021786 -0.000150573 -0.000116914 -0.000157435 -0.000203365 -0.000284579 -0.000376161 -0.000407443 -0.00040616 
-2.7934e-05 -2.97693e-05 -2.82519e-05 4.49684e-06 5.32611e-05 0.000151463 0.000237464 0.000303532 0.000337386 0.000264648 0.000124161 -7.58179e-07 -9.83769e-05 -0.000187793 -0.000223798 -0.000201357 -0.000180343 -0.000143036 -0.000149719 -0.000208107 -0.000280841 -0.000330811 -0.00032458 -0.000308543 
-1.79169e-05 -1.53053e-05 1.42014e-06 7.41619e-05 0.000153959 0.000230104 0.000299786 0.000360377 0.000403497 0.000338614 0.000184554 9.10751e-05 3.27959e-05 -2.34093e-05 -6.8626e-05 -3.35118e-05 1.59705e-05 1.4125e-05 -2.57603e-05 -0.000110423 -0.000248334 -0.000332498 -0.000323024 -0.00028996 
-1.98869e-05 -1.56371e-05 -2.00022e-06 4.8433e-05 0.000133247 0.000212147 0.000311589 0.000411288 0.000451055 0.000376914 0.00029736 0.000246835 0.000185635 0.000104751 7.48565e-05 9.74673e-05 0.000126821 0.000125895 8.70315e-05 -2.55898e-05 -0.00015929 -0.000275058 -0.000325337 -0.000309066 
-1.93095e-05 -1.98527e-05 -1.90814e-05 6.5007e-06 5.12688e-05 0.000131485 0.000236793 0.000351729 0.000397035 0.000370661 0.000347863 0.000323482 0.000286991 0.000233635 0.000199784 0.000229758 0.000260786 0.000254466 0.000209815 0.000107377 -3.00063e-05 -0.000142684 -0.000205592 -0.000237926 
-3.47713e-05 -3.8563e-05 -3.43054e-05 2.20767e-06 7.01047e-05 0.000173057 0.000252142 0.000328761 0.000391741 0.000433776 0.000460644 0.000444211 0.00039137 0.000329924 0.000284529 0.000310624 0.000313224 0.00030301 0.000268104 0.000201259 0.000102455 9.94339e-06 -5.35348e-05 -0.0001011 
-1.21384e-05 1.31579e-05 2.46413e-05 3.56551e-05 0.000100352 0.000169225 0.000194594 0.000254175 0.000319819 0.000396582 0.000473902 0.000468029 0.000395044 0.000334165 0.000291039 0.000312271 0.000315149 0.000277118 0.000243505 0.000200012 0.000147451 9.03024e-05 4.09856e-05 1.93562e-07 
2.90843e-05 5.61694e-05 5.57138e-05 5.5374e-05 7.96027e-05 8.88105e-05 8.8371e-05 9.32653e-05 0.000145876 0.000232517 0.000267076 0.000259505 0.000263665 0.000251278 0.000239155 0.000220799 0.000213848 0.000190738 0.000146453 9.49805e-05 5.44003e-05 1.82312e-05 -1.39689e-05 -3.26168e-05 
5.44098e-05 6.65646e-05 7.91295e-05 5.68821e-05 -1.94692e-06 -5.75911e-05 -6.12703e-05 -3.15576e-05 -7.97965e-06 3.29163e-05 5.16735e-05 0.000111443 0.000124837 0.000131749 0.000122219 7.52747e-05 2.79873e-05 -1.83833e-05 -7.57214e-05 -0.000131988 -0.000169598 -0.000162246 -0.000144813 -0.000121601 
3.51501e-05 6.53537e-05 9.63134e-06 -7.54867e-05 -0.000128475 -0.000111389 -7.93325e-05 -4.96857e-05 -2.05016e-05 -3.03106e-05 1.80051e-05 5.45536e-05 5.50879e-05 1.40904e-05 -4.58417e-05 -9.35722e-05 -0.000138286 -0.000173688 -0.000200076 -0.000207668 -0.000198728 -0.000183474 -0.000158808 -0.00012912 
-1.50695e-05 -6.22898e-05 -0.000147128 -0.000170898 -0.000121403 -6.24026e-05 -9.58377e-06 3.62732e-05 2.9945e-05 3.27409e-05 1.89125e-05 -4.07613e-05 -0.00012412 -0.000160255 -0.000190636 -0.000204281 -0.000213213 -0.000217356 -0.000212564 -0.000196239 -0.000177288 -0.000157656 -0.000132095 -0.00010343 
-8.60839e-05 -0.000166176 -0.000186159 -0.000122928 -1.4922e-05 7.58053e-05 0.00012551 0.000126844 0.000116037 6.80824e-05 -6.61248e-05 -0.000159447 -0.000223328 -0.000272742 -0.000303158 -0.00030694 -0.000307716 -0.00030187 -0.000283917 -0.000256476 -0.000224937 -0.000189587 -0.000152707 -0.000120523 
-0.000135982 -0.000154413 -8.36183e-05 5.26374e-05 0.000161516 0.000202316 0.000187586 0.000176064 0.000114077 -5.02019e-05 -0.000176562 -0.000272042 -0.000308989 -0.000330875 -0.000352852 -0.00036896 -0.000385855 -0.000395611 -0.000379323 -0.000340773 -0.000293263 -0.000241629 -0.000187494 -0.000143143 
-0.000124235 -4.26211e-05 7.88664e-05 0.000161963 0.000214252 0.000207703 0.000180405 0.00012547 -3.57767e-05 -0.000150824 -0.000275048 -0.000349295 -0.000421168 -0.000461293 -0.000478025 -0.000494662 -0.000480877 -0.000474865 -0.000463252 -0.000432458 -0.000383465 -0.000313974 -0.000242091 -0.000187143 
-9.25104e-05 2.03109e-05 0.000105914 0.000173971 0.000194325 0.000192615 0.000152823 5.7072e-06 -0.000130678 -0.000233971 -0.000352952 -0.00045535 -0.000514433 -0.00054125 -0.000557143 -0.000570782 -0.000563384 -0.000537072 -0.000495462 -0.000444776 -0.000401277 -0.000341624 -0.000282638 -0.000223435 
-4.37029e-05 2.13784e-05 9.33868e-05 0.000148676 0.000173609 0.000151179 3.62812e-05 -0.000127274 -0.000237213 -0.000331704 -0.000456579 -0.000519923 -0.000543214 -0.000555211 -0.00055973 -0.000551323 -0.000533113 -0.000502907 -0.000469047 -0.000436396 -0.0003931 -0.000330933 -0.000264352 -0.000198679 
-4.79563e-06 4.91446e-05 8.64102e-05 0.000116902 0.000114069 1.03513e-05 -0.000157269 -0.000304515 -0.000384275 -0.000493114 -0.000585079 -0.000627714 -0.000618078 -0.000608691 -0.00059531 -0.000557784 -0.000507356 -0.000462249 -0.000429456 -0.000395978 -0.000369926 -0.000333364 -0.000278483 -0.00021314 
7.63261e-05 0.000108513 9.69996e-05 6.0394e-05 -2.72108e-05 -0.000131766 -0.000296447 -0.000423622 -0.000536804 -0.000633637 -0.000691951 -0.000716174 -0.000705023 -0.000674322 -0.000626973 -0.000552818 -0.000470693 -0.000393854 -0.000369273 -0.000352956 -0.000340494 -0.000309319 -0.000260785 -0.000217252 
0.000109488 0.000100208 2.41686e-05 -7.98872e-05 -0.00014126 -0.000269692 -0.000451819 -0.000598741 -0.000684914 -0.000720924 -0.000737819 -0.000736475 -0.00071011 -0.000659211 -0.000600208 -0.00052902 -0.000419624 -0.000357414 -0.000329974 -0.000337349 -0.000341679 -0.000325411 -0.000295926 -0.000268211 
9.09701e-05 3.43987e-05 -7.25625e-05 -0.000132574 -0.000224919 -0.000422817 -0.000609477 -0.000722356 -0.000754628 -0.000759152 -0.000759147 -0.000745995 -0.000695981 -0.000629461 -0.000550422 -0.000458719 -0.000362133 -0.000315295 -0.000297413 -0.000287965 -0.000261809 -0.000264448 -0.000256672 -0.000242992 
1.58644e-05 -3.93653e-05 -0.000105523 -0.00018902 -0.000324949 -0.000525668 -0.000681663 -0.00074095 -0.000757402 -0.000757676 -0.000748985 -0.000725516 -0.000673667 -0.000595738 -0.000518993 -0.000430032 -0.000340099 -0.000298219 -0.0002704 -0.00023122 -0.000244947 -0.000230137 -0.00020939 -0.000173117 
-1.16726e-05 -7.21771e-05 -0.000151495 -0.00025232 -0.000421427 -0.00059043 -0.000680701 -0.000708861 -0.000712399 -0.000712617 -0.000706571 -0.000686247 -0.000646805 -0.000575261 -0.000508556 -0.000424429 -0.000334283 -0.000280355 -0.000236579 -0.000232461 -0.0002447 -0.000239423 -0.00023472 -0.000237675 
-8.59471e-05 -0.000158781 -0.000242724 -0.000369181 -0.000510983 -0.000612845 -0.000664058 -0.000674438 -0.000668817 -0.000665507 -0.000662651 -0.000648589 -0.000621043 -0.00056126 -0.000495656 -0.000416962 -0.000336862 -0.000273986 -0.00023269 -0.000231472 -0.00025688 -0.000270318 -0.000258382 -0.000226746 
-0.000172186 -0.000258234 -0.000355386 -0.000461753 -0.000561465 -0.000619965 -0.000646672 -0.000654515 -0.000650745 -0.000643031 -0.000633654 -0.00061933 -0.000597888 -0.000553865 -0.00049267 -0.000419886 -0.000348445 -0.000289873 -0.000270145 -0.000267885 -0.000255211 -0.000229607 -0.000197635 -0.0001446 
-0.000251955 -0.000335933 -0.000423118 -0.000523246 -0.000587679 -0.000619677 -0.00063249 -0.00063634 -0.000636622 -0.000631191 -0.000616015 -0.000592996 -0.000571817 -0.000534913 -0.000481193 -0.000420098 -0.000367149 -0.000329629 -0.000312345 -0.000247958 -0.000215722 -0.000175951 -0.000141217 -9.76469e-05 
-0.000316693 -0.000398397 -0.000486054 -0.000557629 -0.00058672 -0.000603663 -0.000614312 -0.000619135 -0.000618671 -0.000611446 -0.000601972 -0.000589187 -0.000557249 -0.000511713 -0.000471946 -0.000427492 -0.000388213 -0.000378323 -0.000323885 -0.000259062 -0.000230929 -0.000216648 -0.000126399 -5.68954e-05 
-0.000329748 -0.000421143 -0.000507273 -0.000568921 -0.000596465 -0.000605141 -0.000611219 -0.000615722 -0.000614216 -0.000603228 -0.000589363 -0.000571863 -0.000546356 -0.000515834 -0.00048033 -0.000422818 -0.000397062 -0.000371233 -0.000319329 -0.000285786 -0.000254577 -0.000193541 -8.89074e-05 -1.87111e-05 
-0.000335078 -0.000415544 -0.000491822 -0.000546389 -0.000563114 -0.000559817 -0.000557778 -0.000563179 -0.000564939 -0.000560521 -0.000550113 -0.000538588 -0.000531255 -0.000514814 -0.000484804 -0.00043263 -0.000407715 -0.000364899 -0.00034772 -0.000322509 -0.000293786 -0.000234685 -0.000154436 -7.09759e-05 
-0.000235968 -0.000317054 -0.000390851 -0.000439702 -0.000468561 -0.000480966 -0.000498009 -0.000510113 -0.000513513 -0.000513039 -0.000508522 -0.000502896 -0.00048702 -0.000467564 -0.000438578 -0.000407599 -0.000376732 -0.000350264 -0.000313621 -0.00029614 -0.000262405 -0.000211728 -0.000160838 -0.000103588 
-0.000150844 -0.000217351 -0.000276722 -0.000327149 -0.000365683 -0.000397892 -0.000419437 -0.000432201 -0.000431498 -0.000436092 -0.000437795 -0.00043486 -0.000416165 -0.000387991 -0.000346835 -0.000291555 -0.000234179 -0.000189528 -0.000165089 -0.000156595 -0.00014102 -0.000110209 -9.04259e-05 -6.96943e-05 
-9.50137e-05 -0.000151972 -0.000195561 -0.000243418 -0.000294481 -0.000323837 -0.000341395 -0.000358866 -0.000360722 -0.000376138 -0.000386418 -0.000378537 -0.000352125 -0.000323902 -0.000284394 -0.000230315 -0.000152152 -0.000102941 -9.02808e-05 -8.90974e-05 -8.25107e-05 -6.73576e-05 -5.30834e-05 -4.01996e-05 
-7.39876e-05 -0.000109356 -0.000136147 -0.000170436 -0.000193784 -0.000217335 -0.000237071 -0.000252052 -0.000253928 -0.000268674 -0.000282107 -0.000290222 -0.000283212 -0.000259346 -0.00020049 -0.000153516 -0.000100305 -8.99226e-05 -7.73682e-05 -6.07896e-05 -5.11234e-05 -3.5803e-05 -1.60928e-05 -1.95394e-06 
-6.26196e-05 -8.66405e-05 -9.30954e-05 -8.71353e-05 -9.74656e-05 -0.000115891 -0.000124711 -0.000126283 -0.000120701 -0.000113159 -0.000140136 -0.000165804 -0.000172191 -0.000161553 -0.000123072 -9.36697e-05 -7.75134e-05 -6.03834e-05 -4.17943e-05 -2.0535e-05 -2.76938e-06 2.94293e-06 1.29078e-05 1.3072e-05 
