1.58262e-05 1.78956e-05 1.88405e-05 1.08026e-05 -6.24773e-06 1.41903e-05 1.97034e-05 5.07808e-05 7.18254e-05 7.2104e-05 6.25933e-05 4.85271e-05 3.90591e-05 3.72439e-05 4.05972e-05 4.22434e-05 4.35303e-05 3.80648e-05 2.79517e-05 2.17792e-05 1.31445e-05 9.73404e-06 8.04586e-06 7.53789e-06 
7.41525e-06 8.16122e-06 6.48865e-06 -8.7549e-06 -1.54578e-05 -7.88165e-06 1.50418e-05 2.09677e-05 2.35172e-05 2.68038e-05 1.63275e-05 -8.25425e-07 -1.5621e-05 -2.28085e-05 -2.58964e-05 -2.45447e-05 -6.09762e-06 8.30938e-06 2.65451e-05 3.68083e-05 3.19579e-05 2.98808e-05 2.67736e-05 2.29545e-05 
4.3369e-07 -3.19871e-06 -4.99401e-06 -1.19109e-05 -1.1126e-05 -1.97115e-05 -2.0311e-05 -3.0476e-05 -5.14444e-05 -6.67413e-05 -7.12508e-05 -9.13674e-05 -9.41509e-05 -8.83369e-05 -8.42383e-05 -6.91201e-05 -4.69528e-05 -2.94278e-05 -1.41927e-06 3.75087e-05 5.46108e-05 5.08268e-05 4.33206e-05 3.94844e-05 
-6.04908e-06 -1.01863e-05 -2.28137e-05 -4.76197e-05 -7.35297e-05 -0.000110824 -0.000130523 -0.000150302 -0.000202813 -0.000243612 -0.000256649 -0.000264074 -0.000253211 -0.000218372 -0.000169911 -0.00014509 -0.000113395 -9.18726e-05 -5.24544e-05 -6.98938e-06 1.85933e-05 2.84013e-05 3.42589e-05 3.63527e-05 
-2.88112e-05 -3.70091e-05 -4.71828e-05 -6.68715e-05 -9.89708e-05 -0.000146419 -0.000185696 -0.000229729 -0.000295213 -0.000360343 -0.000381351 -0.0003785 -0.000371819 -0.000345971 -0.000299611 -0.000237945 -0.000182806 -0.000148013 -0.000120757 -5.83417e-05 1.05284e-05 4.88248e-05 4.97234e-05 4.05999e-05 
-2.65537e-05 -3.42089e-05 -5.3525e-05 -9.3566e-05 -0.000132064 -0.000177594 -0.000216901 -0.000279586 -0.000354348 -0.000414541 -0.000437175 -0.000446574 -0.000439729 -0.000413177 -0.000367728 -0.000309969 -0.000249862 -0.000208847 -0.000187048 -0.000126802 -3.70386e-05 3.41523e-05 6.00914e-05 7.25968e-05 
-3.41642e-05 -4.3397e-05 -6.32274e-05 -9.7462e-05 -0.000138717 -0.000178117 -0.000227665 -0.000305226 -0.000404085 -0.00048574 -0.000503387 -0.000504849 -0.000505063 -0.000487093 -0.00042677 -0.000361707 -0.000300243 -0.000246131 -0.000231131 -0.000187386 -0.000119758 -4.28094e-05 1.18967e-05 7.42869e-05 
-2.64655e-05 -3.41835e-05 -4.36771e-05 -7.22984e-05 -0.000109927 -0.000166156 -0.00023455 -0.000309275 -0.000400045 -0.000482276 -0.00054587 -0.000576364 -0.000577483 -0.000537839 -0.000477879 -0.000432941 -0.00034523 -0.000264314 -0.000232073 -0.000216119 -0.000195734 -0.000138183 -8.07681e-05 -3.97855e-05 
-1.46179e-05 -2.16979e-05 -2.81271e-05 -5.23026e-05 -8.65479e-05 -0.000147215 -0.000211806 -0.000284824 -0.000404016 -0.000505568 -0.000550946 -0.000589379 -0.000605802 -0.000583948 -0.000540612 -0.000474103 -0.000386374 -0.000310858 -0.000270174 -0.000269941 -0.000276045 -0.000249011 -0.00019884 -0.000153313 
-3.24717e-05 -4.23653e-05 -5.44134e-05 -8.30003e-05 -0.000120755 -0.00018781 -0.000251476 -0.000317447 -0.000428954 -0.000532794 -0.000574336 -0.000577396 -0.000562227 -0.000551787 -0.000525106 -0.000465996 -0.000415909 -0.00036511 -0.000364916 -0.000386575 -0.000384517 -0.000359632 -0.000312882 -0.000259578 
-3.47066e-05 -4.39633e-05 -5.49849e-05 -7.14892e-05 -0.000109214 -0.000173548 -0.000238827 -0.000318445 -0.000410048 -0.000481209 -0.00052736 -0.000525042 -0.000511974 -0.000497793 -0.000475997 -0.000437375 -0.000397162 -0.000374432 -0.00038513 -0.000397925 -0.000400689 -0.000373998 -0.000321496 -0.000271868 
-3.45043e-05 -4.23295e-05 -5.19649e-05 -6.7388e-05 -8.89311e-05 -0.000131604 -0.00019435 -0.000264856 -0.000335184 -0.000401058 -0.000453839 -0.000470961 -0.000474179 -0.000457211 -0.000436104 -0.000416803 -0.000389974 -0.000367848 -0.000368239 -0.000372296 -0.000357936 -0.000327438 -0.000284826 -0.000232723 
-2.419e-05 -3.21518e-05 -4.9859e-05 -8.52505e-05 -0.000126251 -0.000180516 -0.000225698 -0.000276377 -0.000350795 -0.00042173 -0.000465604 -0.000480537 -0.000469658 -0.000453142 -0.000446282 -0.000439117 -0.000419542 -0.00040866 -0.000399259 -0.000385102 -0.000361507 -0.000325775 -0.000268942 -0.000207685 
-1.90156e-05 -3.34585e-05 -5.96693e-05 -0.000106269 -0.000159995 -0.000211736 -0.00025001 -0.000318668 -0.000397792 -0.000460418 -0.00049021 -0.000468272 -0.000450735 -0.000444817 -0.000435453 -0.000431327 -0.000429529 -0.00042727 -0.000417495 -0.000397477 -0.000370159 -0.000327217 -0.000267045 -0.000201951 
-2.2018e-05 -4.91546e-05 -9.65641e-05 -0.000138252 -0.000177448 -0.000215962 -0.000260847 -0.000323127 -0.000386056 -0.000446775 -0.000473143 -0.000463207 -0.000462781 -0.000444854 -0.000436149 -0.000433387 -0.000437869 -0.000435034 -0.00041765 -0.000385981 -0.000344037 -0.00029385 -0.000232951 -0.000172442 
-3.72029e-05 -7.18176e-05 -0.000115184 -0.000151582 -0.000186359 -0.000217633 -0.000256451 -0.000311397 -0.00038134 -0.000440085 -0.000440084 -0.000443277 -0.000437764 -0.000418541 -0.000392116 -0.000375879 -0.00036025 -0.000340258 -0.000302925 -0.000259594 -0.000214067 -0.00017285 -0.000130756 -9.25821e-05 
-4.36003e-05 -7.71327e-05 -0.000117064 -0.000165765 -0.000201721 -0.000227377 -0.00026835 -0.000348492 -0.000411453 -0.000428474 -0.000409967 -0.000386246 -0.000342683 -0.000304932 -0.000275408 -0.000246356 -0.000220975 -0.000200101 -0.000182624 -0.00016008 -0.00013342 -0.000105356 -8.304e-05 -6.40086e-05 
-6.9886e-05 -0.000113989 -0.000154614 -0.000203061 -0.00022767 -0.000267098 -0.000342899 -0.000413748 -0.000430772 -0.000421313 -0.000395017 -0.00032449 -0.000267157 -0.000232224 -0.00020508 -0.000186225 -0.000170612 -0.000156513 -0.000154839 -0.000155658 -0.000148542 -0.000132318 -0.000110016 -8.36177e-05 
-9.98944e-05 -0.00014131 -0.000184151 -0.000227571 -0.000286946 -0.000372114 -0.000452198 -0.000470703 -0.000446362 -0.000425376 -0.000324581 -0.000251863 -0.000218082 -0.000193756 -0.000179215 -0.000179823 -0.000185255 -0.000194342 -0.000198561 -0.000197025 -0.00018985 -0.000170585 -0.000142829 -0.000114374 
-0.000123276 -0.000164801 -0.000219668 -0.000305429 -0.000405674 -0.000479568 -0.00050596 -0.000477011 -0.000435709 -0.000307223 -0.00019815 -0.000144757 -0.000144398 -0.000153926 -0.000170753 -0.00018239 -0.00019693 -0.000194445 -0.000192553 -0.000193083 -0.000187002 -0.000169117 -0.000140328 -0.000113536 
-0.000143579 -0.00019966 -0.000312294 -0.000411954 -0.000472207 -0.000507733 -0.00050231 -0.00047548 -0.000325228 -0.00019079 -0.000137783 -0.000131981 -0.000128811 -0.000135999 -0.000143707 -0.000149578 -0.000150399 -0.000127423 -0.000107363 -0.000100279 -9.64484e-05 -8.75094e-05 -7.37229e-05 -5.83266e-05 
-0.000171041 -0.000282808 -0.000396468 -0.000456156 -0.000482017 -0.000480924 -0.000469159 -0.000364204 -0.000222096 -0.000141424 -0.000125696 -0.000109934 -0.000107129 -9.96748e-05 -0.000113668 -0.000121804 -0.0001121 -9.15887e-05 -7.7587e-05 -7.40719e-05 -6.99801e-05 -5.77777e-05 -4.14217e-05 -2.80836e-05 
-0.000238535 -0.000347643 -0.000430334 -0.00047657 -0.000476323 -0.000466882 -0.000395007 -0.000250748 -0.000172259 -0.00015128 -0.000135177 -0.000112685 -0.000105374 -0.000110842 -0.000116294 -0.000105785 -9.05861e-05 -8.81823e-05 -8.57689e-05 -7.36556e-05 -5.94948e-05 -4.51657e-05 -3.38393e-05 -2.49959e-05 
-0.000281574 -0.000374341 -0.000436528 -0.000460018 -0.000477586 -0.000438097 -0.000312967 -0.000232918 -0.000206773 -0.000159782 -0.000133347 -0.000118407 -0.000116106 -0.000129466 -0.000120041 -0.000102135 -9.45923e-05 -8.19571e-05 -6.49034e-05 -5.65355e-05 -4.23967e-05 -3.05185e-05 -2.04546e-05 -1.39605e-05 
-0.000299681 -0.000359908 -0.000386159 -0.000411628 -0.000414519 -0.000354082 -0.000263049 -0.000232656 -0.000180089 -0.000148562 -0.00013167 -0.000118532 -0.000114899 -0.000113757 -0.000103155 -9.42053e-05 -8.5458e-05 -7.08934e-05 -5.89112e-05 -4.42134e-05 -3.32651e-05 -2.62982e-05 -1.87679e-05 -1.26631e-05 
-0.000287684 -0.000332748 -0.000353312 -0.000348559 -0.000317463 -0.000258453 -0.000230788 -0.000162631 -0.000112712 -0.000103797 -0.000102594 -9.68952e-05 -9.55818e-05 -8.89938e-05 -7.79898e-05 -7.24926e-05 -7.49919e-05 -6.64344e-05 -5.45109e-05 -4.59449e-05 -3.70327e-05 -3.19507e-05 -2.94586e-05 -2.84736e-05 
-0.000282153 -0.000308704 -0.000311963 -0.000282434 -0.00023432 -0.000235698 -0.000176702 -0.000121216 -9.61856e-05 -9.00575e-05 -8.85412e-05 -8.74692e-05 -8.7352e-05 -7.44391e-05 -6.77555e-05 -7.24945e-05 -6.5821e-05 -5.74448e-05 -5.22192e-05 -4.5145e-05 -6.36401e-05 -7.07341e-05 -6.44218e-05 -5.33429e-05 
-0.000234593 -0.000242282 -0.000228793 -0.00020175 -0.000214165 -0.000179279 -0.000131112 -9.55971e-05 -8.27606e-05 -8.16147e-05 -8.21482e-05 -7.47367e-05 -7.01471e-05 -5.79856e-05 -6.17184e-05 -6.36309e-05 -5.63296e-05 -5.00699e-05 -3.75784e-05 -4.7183e-05 -6.75267e-05 -7.71654e-05 -7.54143e-05 -8.07536e-05 
-0.000160571 -0.000155048 -0.000159737 -0.000185158 -0.000171139 -0.000123989 -8.88693e-05 -7.05659e-05 -6.58336e-05 -6.36236e-05 -6.23139e-05 -5.59995e-05 -4.83892e-05 -4.75032e-05 -5.55617e-05 -5.69408e-05 -4.45327e-05 -4.0846e-05 -4.27335e-05 -6.58822e-05 -9.87987e-05 -0.000130249 -0.000136053 -0.000135576 
-0.000111947 -0.000131542 -0.000159563 -0.00015784 -0.000125895 -8.27781e-05 -6.20487e-05 -5.37154e-05 -5.40196e-05 -5.40364e-05 -5.12788e-05 -4.45537e-05 -3.72601e-05 -3.80683e-05 -4.95285e-05 -5.20926e-05 -4.10675e-05 -4.71807e-05 -6.40858e-05 -0.000104885 -0.000161972 -0.000178881 -0.000174998 -0.000153549 
-0.000120009 -0.000136769 -0.000140431 -0.000121062 -8.36034e-05 -5.16434e-05 -4.26225e-05 -3.84773e-05 -3.6358e-05 -3.53669e-05 -3.50969e-05 -3.05592e-05 -2.75021e-05 -3.07278e-05 -3.85931e-05 -4.33835e-05 -4.55566e-05 -5.00236e-05 -7.84674e-05 -0.000129488 -0.000150052 -0.000154575 -0.000137953 -0.0001048 
-9.07457e-05 -9.48722e-05 -9.77409e-05 -7.78019e-05 -5.43001e-05 -3.88787e-05 -3.69991e-05 -3.46537e-05 -2.83717e-05 -2.37541e-05 -2.18597e-05 -2.02159e-05 -2.08623e-05 -2.45721e-05 -3.22388e-05 -4.27044e-05 -4.23551e-05 -5.06768e-05 -8.43207e-05 -0.00011466 -0.000128888 -0.000115847 -9.37788e-05 -7.48279e-05 
-3.86222e-05 -4.12625e-05 -4.29109e-05 -4.05388e-05 -3.46348e-05 -3.38754e-05 -3.72429e-05 -3.56907e-05 -2.871e-05 -1.9185e-05 -1.79651e-05 -1.12807e-05 -1.52564e-05 -2.49995e-05 -3.42372e-05 -4.30284e-05 -4.40015e-05 -6.2757e-05 -8.22801e-05 -0.000123498 -0.000142428 -0.000113234 -9.82086e-05 -7.95307e-05 
-2.32282e-05 -2.79978e-05 -3.12963e-05 -3.12134e-05 -2.56886e-05 -2.14492e-05 -2.16615e-05 -1.70362e-05 -9.2516e-06 1.54526e-06 5.22037e-06 8.49512e-07 -5.55892e-06 -1.14109e-05 -2.08656e-05 -4.01367e-05 -3.99658e-05 -4.22087e-05 -8.42997e-05 -0.000142026 -0.00015625 -0.000130964 -0.000109252 -9.70732e-05 
3.32044e-06 -4.23697e-06 -1.21236e-05 -1.31369e-05 -1.08252e-05 -1.34223e-05 -2.253e-05 -1.71482e-05 -6.22961e-06 3.78775e-06 5.79721e-06 1.56983e-06 -1.90345e-06 -2.35714e-06 -1.18416e-05 -2.85751e-05 -3.29661e-05 -5.01608e-05 -0.000115987 -0.000156735 -0.00016325 -0.000146622 -0.000124748 -0.000105752 
-3.67525e-05 -3.72225e-05 -4.11826e-05 -4.57995e-05 -4.0312e-05 -3.35633e-05 -3.43218e-05 -3.31147e-05 -3.64625e-05 -4.34112e-05 -4.69846e-05 -4.19388e-05 -4.16849e-05 -4.08064e-05 -4.67872e-05 -5.71365e-05 -7.00195e-05 -0.000118485 -0.000164808 -0.000183479 -0.00019863 -0.000170683 -0.000138907 -0.000104916 
-7.45348e-05 -8.03891e-05 -9.02735e-05 -0.000106541 -0.000116016 -0.000120462 -0.000124089 -0.000122137 -0.00011734 -0.000113639 -9.64431e-05 -8.00047e-05 -7.24603e-05 -7.23631e-05 -8.4909e-05 -0.000111853 -0.000143294 -0.000179226 -0.000196225 -0.000195403 -0.000187938 -0.000165556 -0.000140492 -0.000105363 
-0.000129708 -0.000153364 -0.000178053 -0.000205082 -0.000214711 -0.000216455 -0.000221218 -0.000216759 -0.000207756 -0.000194912 -0.00016526 -0.000145759 -0.000136625 -0.000128514 -0.000141148 -0.000169342 -0.000183368 -0.000187126 -0.000168308 -0.000141897 -0.000134987 -0.000129054 -0.000111165 -8.61845e-05 
-0.000121911 -0.000150739 -0.000181582 -0.000206261 -0.000203767 -0.000191926 -0.000188881 -0.000186189 -0.000181607 -0.000174668 -0.000160048 -0.000153325 -0.000149554 -0.000141853 -0.000144241 -0.000144513 -0.000108594 -7.64601e-05 -8.7385e-05 -9.40188e-05 -9.94125e-05 -0.000101832 -9.25396e-05 -7.67773e-05 
-6.62925e-05 -7.23883e-05 -7.98799e-05 -8.76224e-05 -9.36865e-05 -8.99547e-05 -8.43948e-05 -7.98147e-05 -7.87971e-05 -8.37107e-05 -9.10456e-05 -9.19223e-05 -8.3372e-05 -7.87608e-05 -7.04701e-05 -6.61924e-05 -6.65929e-05 -7.27556e-05 -7.83273e-05 -8.39084e-05 -9.27538e-05 -9.85265e-05 -8.7909e-05 -6.63701e-05 
