-8.27914e-05 -9.46872e-05 -0.000100442 -0.000105434 -8.9754e-05 -8.89045e-05 -9.97529e-05 -0.000123239 -0.000152333 -0.00017927 -0.000208971 -0.000219256 -0.000207022 -0.000185429 -0.000159325 -0.000128116 -9.68246e-05 -6.57916e-05 -3.86711e-05 -1.86928e-05 -1.66822e-05 -1.50353e-05 -1.43231e-05 -1.41995e-05 
-0.000102602 -0.00011756 -0.000127083 -0.000147828 -0.00015339 -0.000152944 -0.000161648 -0.00017468 -0.000197691 -0.000238121 -0.000270581 -0.000277643 -0.000267544 -0.000244932 -0.000211484 -0.000178777 -0.000146771 -0.000110553 -7.83748e-05 -5.64049e-05 -4.99458e-05 -5.02643e-05 -4.8165e-05 -4.63875e-05 
-0.00010143 -0.000117149 -0.000138476 -0.000165672 -0.000181166 -0.000219177 -0.00027876 -0.000324456 -0.000375031 -0.000441471 -0.00046136 -0.000439893 -0.000402385 -0.000373747 -0.000332905 -0.000288192 -0.000224129 -0.000163581 -0.000116246 -0.000105282 -0.000103603 -9.80281e-05 -9.28288e-05 -8.96075e-05 
-8.46287e-05 -9.83097e-05 -0.000129582 -0.000162056 -0.000230435 -0.000322696 -0.000414387 -0.000516735 -0.000607885 -0.000688424 -0.000732228 -0.000709456 -0.000671891 -0.00061743 -0.00053736 -0.000438232 -0.000328899 -0.00025088 -0.000187145 -0.000140428 -0.000114036 -9.66551e-05 -9.59673e-05 -8.92076e-05 
-8.70366e-05 -0.000105316 -0.000131468 -0.00019813 -0.000327411 -0.00043335 -0.000496734 -0.0005841 -0.000684405 -0.000788671 -0.000844576 -0.000838716 -0.000820754 -0.000797582 -0.000741506 -0.000659599 -0.000511689 -0.000370635 -0.000312883 -0.000265301 -0.000233324 -0.00019811 -0.000194082 -0.000183787 
-8.48012e-05 -0.000105188 -0.000151867 -0.000244627 -0.00034825 -0.000445473 -0.000514467 -0.00059342 -0.000689356 -0.000793969 -0.000842812 -0.00085503 -0.000871115 -0.000868357 -0.000821283 -0.000763475 -0.000660999 -0.00051405 -0.00044018 -0.00039188 -0.000357914 -0.000327997 -0.000294267 -0.000271985 
-8.88691e-05 -0.000107588 -0.000156377 -0.000250222 -0.000347244 -0.000426105 -0.000513948 -0.000643979 -0.000798207 -0.000944587 -0.00102602 -0.00104058 -0.00102377 -0.00100477 -0.000958102 -0.000868442 -0.000721751 -0.00058373 -0.000533692 -0.000501473 -0.000477925 -0.000446 -0.000391176 -0.000369069 
-7.81794e-05 -9.81298e-05 -0.000127424 -0.000178217 -0.000250883 -0.000334277 -0.000422609 -0.000543123 -0.000718306 -0.000875475 -0.000967546 -0.000985459 -0.000995598 -0.00101151 -0.000989814 -0.000920355 -0.000746462 -0.000638098 -0.000607126 -0.000591903 -0.000600748 -0.000574018 -0.00050386 -0.000434848 
-5.333e-05 -6.75353e-05 -8.25602e-05 -0.000113581 -0.000160268 -0.000218683 -0.000310224 -0.000408282 -0.000573285 -0.000756092 -0.000886912 -0.000922665 -0.000987078 -0.00102221 -0.00102401 -0.000957876 -0.000798122 -0.000690994 -0.000689827 -0.000726993 -0.000749118 -0.000706168 -0.000613413 -0.000507794 
-6.81733e-05 -8.54298e-05 -0.000104281 -0.000131013 -0.000174617 -0.000259798 -0.000347963 -0.000452001 -0.000605922 -0.000794525 -0.000934728 -0.000987483 -0.00100227 -0.00101381 -0.00102358 -0.000990003 -0.000887276 -0.000814052 -0.00082574 -0.000894116 -0.000947347 -0.000925914 -0.00081073 -0.000658034 
-5.84993e-05 -7.95516e-05 -9.22501e-05 -0.000116392 -0.000150389 -0.000208673 -0.000288386 -0.000402579 -0.000569418 -0.000722303 -0.000854331 -0.000893243 -0.00092108 -0.0009389 -0.000930244 -0.000893947 -0.000838447 -0.000800521 -0.000825747 -0.000886642 -0.000943255 -0.000927409 -0.000834677 -0.000698514 
-5.66066e-05 -7.30094e-05 -8.70267e-05 -0.000111511 -0.000154785 -0.000203153 -0.000275765 -0.000349821 -0.000468176 -0.000637871 -0.000748368 -0.000797291 -0.000827372 -0.000811455 -0.000800852 -0.000775995 -0.000739535 -0.000725272 -0.00075587 -0.000810787 -0.000851945 -0.000831857 -0.00074905 -0.00063464 
-4.91414e-05 -7.11661e-05 -9.07118e-05 -0.000135152 -0.000190917 -0.000247472 -0.000314548 -0.000396111 -0.000531749 -0.00067377 -0.000767527 -0.000784799 -0.000784193 -0.000777311 -0.000782325 -0.000747067 -0.000702253 -0.000723055 -0.000768819 -0.000820735 -0.000846891 -0.000814159 -0.000716593 -0.00059134 
-4.54921e-05 -6.87943e-05 -0.000119272 -0.000187486 -0.000258455 -0.00034545 -0.000443947 -0.000533286 -0.000651573 -0.000738793 -0.000774364 -0.000764268 -0.000755158 -0.000750789 -0.000739512 -0.0007035 -0.000689477 -0.000725515 -0.000784603 -0.000841544 -0.000867679 -0.000826298 -0.000720786 -0.000590245 
-5.07701e-05 -9.81008e-05 -0.0001625 -0.000232854 -0.000328311 -0.000429468 -0.000507406 -0.000615451 -0.0007087 -0.000787242 -0.000812398 -0.000811631 -0.00079702 -0.000768587 -0.000757012 -0.000758439 -0.00077605 -0.000813369 -0.000857477 -0.000874107 -0.000867862 -0.000811258 -0.000703298 -0.00057148 
-7.42105e-05 -0.000140756 -0.000212937 -0.000315909 -0.000418153 -0.000506311 -0.000577337 -0.000695048 -0.000779464 -0.000833563 -0.000857263 -0.000865691 -0.00084647 -0.00081582 -0.00080023 -0.000786625 -0.000783976 -0.000792949 -0.000805643 -0.000807747 -0.000788541 -0.000716119 -0.000608804 -0.00049005 
-9.55989e-05 -0.000173125 -0.000283761 -0.000400639 -0.000510401 -0.000593165 -0.000678088 -0.000770913 -0.00082619 -0.000871084 -0.000904502 -0.0009209 -0.000878271 -0.000840431 -0.000804569 -0.000773265 -0.000745456 -0.000725583 -0.00071417 -0.000694323 -0.000657894 -0.000589364 -0.000498171 -0.000401251 
-0.000132733 -0.000243235 -0.00035323 -0.0004662 -0.000567976 -0.000647789 -0.000746425 -0.000821655 -0.000878586 -0.00092684 -0.000962157 -0.000937168 -0.000896337 -0.000834364 -0.000766235 -0.000698061 -0.000637178 -0.000591338 -0.000575441 -0.000565122 -0.000540417 -0.000492084 -0.000424679 -0.000348667 
-0.000190118 -0.000305646 -0.000423234 -0.000518315 -0.000608329 -0.000720005 -0.000816394 -0.000887307 -0.000931614 -0.00096073 -0.000948685 -0.000845501 -0.00074515 -0.00067206 -0.000613694 -0.000565927 -0.000513503 -0.000478043 -0.000457438 -0.000433847 -0.000397498 -0.000342421 -0.000278281 -0.000218572 
-0.000267277 -0.000389789 -0.000480967 -0.000593023 -0.00071463 -0.000835055 -0.000936955 -0.000983752 -0.000997805 -0.000946788 -0.00077843 -0.00062085 -0.000541975 -0.000484141 -0.000439832 -0.00039334 -0.000356384 -0.00032068 -0.000295202 -0.000274792 -0.000247025 -0.000214291 -0.000177146 -0.000143392 
-0.000329822 -0.000429856 -0.000568905 -0.000691223 -0.000807928 -0.000922103 -0.00100801 -0.00103283 -0.000955183 -0.00076704 -0.000582468 -0.000473039 -0.000392797 -0.000319849 -0.000266986 -0.000225323 -0.000180554 -0.000141799 -0.000115409 -0.000107298 -0.000103116 -9.58733e-05 -8.68497e-05 -7.4094e-05 
-0.000387696 -0.000530258 -0.000654392 -0.000744822 -0.000829368 -0.000919517 -0.000951118 -0.000909929 -0.000766681 -0.000569407 -0.000464167 -0.000377412 -0.000322611 -0.000259718 -0.000205663 -0.000173446 -0.000148561 -0.000114405 -9.64237e-05 -9.08123e-05 -8.10432e-05 -7.00973e-05 -5.97931e-05 -4.63435e-05 
-0.000477284 -0.000620653 -0.000734992 -0.000811067 -0.000865998 -0.0008974 -0.000863121 -0.000739121 -0.000552284 -0.000440871 -0.000373998 -0.000313278 -0.000269126 -0.000223826 -0.000165884 -0.000120967 -0.000104695 -9.62148e-05 -9.0818e-05 -7.33976e-05 -5.84094e-05 -4.24262e-05 -2.99827e-05 -2.17309e-05 
-0.000528942 -0.000669216 -0.000774465 -0.000854248 -0.000919233 -0.00089377 -0.000716265 -0.000542942 -0.00041642 -0.000309846 -0.000259599 -0.000230783 -0.000206838 -0.000171981 -0.000126362 -0.000100655 -9.23356e-05 -8.7886e-05 -8.09062e-05 -6.95752e-05 -5.04416e-05 -3.47837e-05 -2.53319e-05 -1.85191e-05 
-0.000540069 -0.000659452 -0.000770337 -0.0008617 -0.000868832 -0.00069471 -0.000492644 -0.000340711 -0.000216962 -0.000171178 -0.000151347 -0.000151389 -0.000144328 -0.000118612 -8.92519e-05 -8.15109e-05 -9.27294e-05 -9.84139e-05 -0.000103459 -9.22187e-05 -6.7063e-05 -4.36072e-05 -2.28262e-05 -5.32761e-06 
-0.000523183 -0.000650715 -0.000749277 -0.000764926 -0.000659831 -0.000470065 -0.00031088 -0.00016232 -8.79656e-05 -7.96008e-05 -9.05418e-05 -0.00010312 -0.000110455 -9.74566e-05 -7.79774e-05 -8.00434e-05 -9.56505e-05 -0.000110388 -0.000110426 -7.77305e-05 -3.68452e-05 -1.76807e-05 -1.31895e-05 -1.8203e-05 
-0.000540188 -0.000647271 -0.000693185 -0.000630252 -0.000496144 -0.000351646 -0.00018282 -8.68959e-05 -5.66602e-05 -5.16034e-05 -6.13139e-05 -7.83414e-05 -8.90027e-05 -8.16109e-05 -6.65668e-05 -7.90745e-05 -9.62725e-05 -0.000106144 -8.40901e-05 -3.2698e-05 -7.03028e-06 -2.82369e-05 -4.11372e-05 -4.94031e-05 
-0.000536676 -0.000581074 -0.00057782 -0.000489086 -0.000401758 -0.000229174 -0.000113477 -5.06965e-05 -2.97552e-05 -3.3154e-05 -4.5038e-05 -5.35789e-05 -6.27138e-05 -5.93125e-05 -6.32916e-05 -7.44805e-05 -8.73966e-05 -8.07363e-05 -3.2e-05 2.10686e-05 -1.44243e-05 -5.66087e-05 -8.85308e-05 -0.000108895 
-0.000428062 -0.000440931 -0.000430176 -0.000391262 -0.000275268 -0.000141225 -6.79048e-05 -2.78122e-05 -1.55027e-05 -1.89248e-05 -2.94131e-05 -3.50515e-05 -3.50066e-05 -3.78847e-05 -5.5446e-05 -6.65416e-05 -6.46645e-05 -4.90686e-05 2.38675e-06 -7.42058e-06 -7.93476e-05 -0.000156986 -0.000191778 -0.000216147 
-0.000298756 -0.000325035 -0.000329807 -0.000270762 -0.000177367 -8.73956e-05 -4.75843e-05 -2.77515e-05 -1.92835e-05 -1.7558e-05 -1.86648e-05 -1.68701e-05 -1.60089e-05 -2.602e-05 -4.57997e-05 -5.73245e-05 -4.49574e-05 -2.47261e-05 -1.28605e-05 -7.0625e-05 -0.000182508 -0.0002533 -0.000294399 -0.000302505 
-0.000218459 -0.000238515 -0.000235542 -0.00018682 -0.000108884 -6.14895e-05 -4.46878e-05 -3.13118e-05 -1.65599e-05 -7.91177e-06 -4.96662e-06 -2.1869e-06 -2.43287e-06 -1.54149e-05 -3.02041e-05 -3.71627e-05 -2.22997e-05 -1.82711e-05 -5.33761e-05 -0.000156173 -0.00025866 -0.000313168 -0.000328857 -0.000308471 
-0.000129537 -0.000137267 -0.00013891 -0.000105129 -6.78406e-05 -4.72163e-05 -4.68884e-05 -4.24655e-05 -2.12672e-05 -5.46027e-06 -1.67562e-06 -2.19925e-06 -2.63581e-06 -1.18555e-05 -1.71946e-05 -1.74171e-05 -7.40911e-06 -2.41198e-05 -9.5175e-05 -0.000222609 -0.000298527 -0.000334865 -0.000322153 -0.000269912 
-4.40805e-05 -5.02922e-05 -5.24658e-05 -4.31938e-05 -3.01624e-05 -3.11226e-05 -4.11882e-05 -4.28523e-05 -2.58251e-05 -6.81574e-06 1.92096e-06 3.16471e-06 2.68677e-06 -2.37186e-06 -1.76671e-06 5.37662e-06 8.99119e-06 -4.51186e-05 -0.000149515 -0.000259964 -0.000340736 -0.000349149 -0.000297039 -0.000219115 
-6.3793e-06 -6.13191e-06 -7.17872e-06 -7.38425e-06 -3.86498e-06 -1.0353e-05 -2.26459e-05 -2.40032e-05 -9.32678e-06 4.99122e-06 1.50169e-05 1.98096e-05 1.85635e-05 1.94164e-05 2.46698e-05 2.88349e-05 1.59808e-05 -6.48863e-05 -0.000182727 -0.000284476 -0.00034884 -0.000299782 -0.000231536 -0.000172308 
2.11869e-05 1.7989e-05 1.45349e-05 6.3483e-06 1.15323e-06 -3.49738e-06 -8.96863e-06 -5.87339e-06 7.61107e-06 2.45614e-05 4.02761e-05 4.9693e-05 5.251e-05 5.1777e-05 5.16926e-05 5.80217e-05 8.05791e-06 -8.79668e-05 -0.000204574 -0.000277745 -0.000331006 -0.000325065 -0.000256988 -0.000187789 
3.54357e-05 4.08728e-05 3.38972e-05 1.56524e-05 -5.27151e-06 -1.5625e-05 -1.43037e-05 -4.25568e-06 4.93649e-06 3.11876e-05 6.66346e-05 7.92496e-05 7.97096e-05 7.43395e-05 6.35164e-05 3.755e-05 -4.50075e-05 -0.000147427 -0.00023624 -0.000297708 -0.0003469 -0.000323018 -0.00027174 -0.000199974 
7.37477e-06 2.30043e-05 2.35708e-05 -3.2203e-06 -4.32333e-05 -6.97928e-05 -7.64338e-05 -6.74811e-05 -5.30857e-05 -2.37099e-05 1.93942e-05 3.41834e-05 3.48862e-05 2.92007e-05 1.33992e-05 -2.52708e-05 -0.000116073 -0.000227223 -0.00030573 -0.000354171 -0.000343061 -0.000302021 -0.000252729 -0.000190532 
-9.34963e-05 -8.97618e-05 -0.000101588 -0.000142371 -0.000189912 -0.000223706 -0.000235238 -0.000233945 -0.000223034 -0.000191235 -0.000135133 -9.67216e-05 -7.44369e-05 -6.54011e-05 -8.60049e-05 -0.000148336 -0.0002331 -0.000314296 -0.000355033 -0.000350118 -0.000309855 -0.000261212 -0.000214536 -0.000160443 
-0.000175759 -0.000190215 -0.00021575 -0.000259353 -0.000283522 -0.000292025 -0.000297074 -0.000297651 -0.000294056 -0.000274601 -0.000214776 -0.000165476 -0.000146301 -0.000141165 -0.00016454 -0.000220965 -0.000276077 -0.000302807 -0.000326782 -0.000316571 -0.000275479 -0.000231223 -0.000181864 -0.000132968 
-0.000179058 -0.000207916 -0.000238189 -0.000263438 -0.00027193 -0.000271274 -0.000281844 -0.000284205 -0.000283906 -0.00028306 -0.000262653 -0.000220776 -0.000196044 -0.000186977 -0.000210585 -0.000248244 -0.000259885 -0.000258323 -0.000261989 -0.000242097 -0.000205775 -0.000166971 -0.000125348 -8.47812e-05 
