3.22398e-05 3.45609e-05 2.87877e-05 2.01363e-05 1.81215e-05 -9.04742e-06 -5.15099e-05 -8.11865e-05 -8.99829e-05 -0.000106272 -9.97312e-05 -9.22378e-05 -8.34228e-05 -5.54299e-05 -1.9394e-05 7.85554e-06 2.372e-05 2.7974e-05 2.3763e-05 1.22302e-05 1.23262e-05 1.32186e-05 1.09355e-05 9.26992e-06 
-2.22987e-05 -2.58252e-05 -2.8478e-05 -1.47535e-05 -2.54638e-05 -6.65545e-05 -6.95459e-05 -8.16417e-05 -9.05171e-05 -9.26785e-05 -9.42321e-05 -0.000114069 -0.000135074 -0.000152097 -0.000132337 -7.93333e-05 -2.97295e-05 5.06837e-06 3.39509e-05 2.20499e-05 1.25901e-05 1.77405e-05 2.23877e-05 2.48508e-05 
5.08034e-05 5.90411e-05 6.49502e-05 5.89538e-05 7.05065e-05 4.90069e-05 3.275e-05 4.78846e-05 5.4247e-05 6.12671e-05 4.63719e-05 8.4647e-06 2.02202e-05 1.46909e-05 -2.2826e-06 -1.54476e-05 -2.71076e-05 7.17027e-07 1.79106e-05 3.54491e-05 7.44865e-06 -2.27772e-05 -3.16994e-05 -2.94605e-05 
7.22342e-05 7.94982e-05 8.7844e-05 0.000114152 0.000164792 0.000209195 0.000214237 0.00021419 0.000181691 0.000158583 0.000159292 7.53254e-05 -4.05408e-06 -4.34667e-05 -3.55199e-05 -2.51312e-06 3.71085e-06 1.24846e-05 2.88953e-05 7.82261e-06 -1.75405e-05 -2.52109e-05 -6.2533e-07 1.14129e-05 
4.90255e-05 5.37498e-05 6.71174e-05 0.000106617 0.000164968 0.000195759 0.000196481 0.000227979 0.000241891 0.000221431 0.000198274 0.000164342 0.000106248 6.8865e-05 4.1353e-05 4.16699e-05 1.13362e-05 1.26685e-05 5.48719e-05 8.19377e-05 0.000113317 0.000100859 0.000110436 0.000131911 
9.0225e-06 9.54319e-06 3.97333e-05 8.9385e-05 0.000144285 0.000154481 0.000124954 0.000133874 0.000202145 0.000267267 0.00025981 0.000219372 0.000185135 0.00018095 0.000184251 0.000157299 8.52968e-05 4.55595e-05 5.79824e-05 0.000104287 0.000162489 0.00019134 0.000195045 0.000212179 
6.39738e-06 2.33939e-06 3.08547e-05 6.5223e-05 8.37727e-05 6.31387e-05 4.4861e-05 5.77852e-05 0.000147012 0.000256108 0.000310614 0.000257049 0.000222515 0.000202758 0.000185296 0.000150601 0.000127447 2.43123e-05 3.96172e-05 5.5293e-05 0.000158794 0.000230541 0.000243589 0.000317239 
2.86522e-05 2.49717e-05 3.36132e-05 3.53904e-05 2.66365e-05 -3.44602e-06 -5.2904e-05 -4.8999e-05 0.000114 0.000332485 0.000492675 0.000486319 0.000419402 0.000355778 0.000208844 0.000117731 9.55192e-05 -2.22367e-06 -1.33304e-05 -2.16106e-05 3.74007e-05 0.000182266 0.000263865 0.000306806 
1.36338e-05 1.09104e-05 1.37766e-05 1.71366e-06 -3.68227e-05 -8.35076e-05 -8.2801e-05 -6.96073e-05 4.49588e-05 0.000254891 0.000391818 0.000396926 0.000368641 0.000295173 0.00014967 9.2054e-05 6.14114e-05 7.80709e-07 -3.80478e-05 -5.51105e-05 -2.21544e-05 8.0019e-05 0.000160903 0.000246381 
5.30425e-07 -3.18367e-06 -9.86637e-06 -4.07438e-05 -8.23061e-05 -0.000103003 -8.74098e-05 -6.11342e-05 -1.80612e-05 0.000131288 0.000195806 0.00015063 0.000103271 5.42331e-05 6.52739e-06 -6.2419e-05 -0.000111098 -0.000113484 -0.000114606 -6.62542e-05 -4.10708e-05 6.61541e-06 5.8443e-05 0.000116102 
-8.82365e-06 -8.12366e-06 -2.1119e-05 -5.90381e-05 -8.75544e-05 -0.000112363 -0.000142158 -0.000141614 -0.000126588 -0.000126083 -0.000101033 -0.000121517 -0.000128176 -0.000128752 -0.000138768 -0.000174911 -0.000190175 -0.000174829 -0.000143401 -7.15236e-05 2.13921e-05 4.61677e-05 5.60273e-05 6.74762e-05 
-1.13777e-05 -1.54651e-05 -1.90054e-05 -6.1899e-05 -0.000122122 -0.000181869 -0.000205284 -0.000224772 -0.00022546 -0.000245217 -0.000219588 -0.000209747 -0.00019434 -0.000188307 -0.000192589 -0.00023295 -0.000227523 -0.000210356 -0.000167761 -0.000103968 -2.26746e-05 5.79154e-05 9.31061e-05 0.000118579 
-2.2837e-05 -3.18348e-05 -5.49707e-05 -8.52587e-05 -0.000116948 -0.000149015 -0.000107342 -7.9979e-05 -0.000111177 -0.000119793 -0.000141088 -0.000150002 -0.000150707 -0.000166784 -0.000204071 -0.000259501 -0.000274208 -0.000248478 -0.000201002 -0.000144832 -0.000103941 -7.05865e-05 -2.92091e-05 1.64443e-05 
-3.73519e-05 -7.34579e-05 -9.04126e-05 -7.83454e-05 -7.52614e-05 -4.56001e-05 2.20902e-05 2.73376e-05 4.34517e-06 -9.54449e-06 -6.59983e-05 -0.000103667 -0.000137868 -0.000164545 -0.000183216 -0.000209091 -0.000222639 -0.000231184 -0.000210562 -0.00016293 -0.000116787 -7.34548e-05 -4.19466e-05 -1.22482e-05 
-6.26511e-05 -7.8207e-05 -4.40509e-05 4.06006e-06 2.67644e-05 5.3982e-05 3.52418e-05 8.80559e-06 -2.22237e-05 -5.0196e-05 -5.49969e-05 -8.84707e-05 -9.3779e-05 -0.000104194 -0.000133702 -0.000154786 -0.000159217 -0.000137637 -0.000117259 -8.55747e-05 -4.72425e-05 -1.30509e-05 1.33375e-05 3.22426e-05 
-3.57478e-06 3.03732e-05 7.20935e-05 0.000124804 0.000155608 9.79339e-05 3.96718e-05 2.43623e-05 2.3394e-05 -1.57051e-05 -3.45937e-05 -5.95564e-05 -6.30946e-05 -6.52e-05 -5.29236e-05 -4.00386e-05 -2.32985e-05 3.84907e-06 5.82924e-05 0.000110533 0.000151548 0.000171016 0.000173129 0.00015865 
6.27065e-05 6.88144e-05 0.000129453 0.000157381 0.000104926 2.71687e-05 2.25553e-05 3.66802e-05 2.55888e-05 1.44503e-05 -3.42122e-05 2.70564e-05 9.7778e-05 0.000139196 0.000177507 0.000209324 0.000241429 0.000266511 0.000289667 0.000316324 0.000329258 0.000319323 0.000285281 0.00023716 
6.27268e-05 9.51397e-05 8.75738e-05 3.57094e-05 -5.89999e-05 -8.66614e-05 -6.74765e-05 -4.23918e-05 -1.07453e-05 -2.98498e-05 6.91004e-05 0.000200091 0.000314517 0.000414733 0.000463006 0.000504851 0.000528722 0.000525847 0.00050621 0.000476234 0.000446389 0.000403487 0.000338696 0.000264809 
6.81977e-05 3.49839e-05 -2.64651e-05 -0.000125259 -0.000175508 -0.000156455 -0.000116484 -8.4305e-05 -8.16658e-05 5.23931e-05 0.000248532 0.000449632 0.000594081 0.000662915 0.00068931 0.000692319 0.000684296 0.00066584 0.000626069 0.000576914 0.000520481 0.00044004 0.000345601 0.00025676 
4.7884e-05 -3.3934e-05 -0.000115333 -0.000144533 -0.000139666 -0.000119317 -9.02135e-05 -0.000130209 -1.64937e-06 0.000201376 0.000463079 0.0006589 0.00072743 0.000758211 0.000751038 0.000723398 0.000703191 0.000662347 0.000603123 0.000544853 0.000486901 0.000400702 0.0003137 0.000245059 
5.30005e-05 -5.00941e-05 -7.67098e-05 -8.86603e-05 -9.57692e-05 -9.98767e-05 -0.000144584 -5.86797e-05 0.000161882 0.000429615 0.000686836 0.00082626 0.000873426 0.000875259 0.00087479 0.000875808 0.0008363 0.000753412 0.000669791 0.00060468 0.000544893 0.000459074 0.000356069 0.000269271 
2.59965e-05 -2.09794e-05 -4.51093e-05 -6.31373e-05 -9.76501e-05 -0.000140291 -7.71898e-05 0.000134227 0.000420187 0.000661713 0.000813087 0.000867039 0.000899171 0.000880337 0.000855988 0.000831838 0.000788277 0.000713478 0.000643854 0.00060995 0.000576888 0.000511701 0.000418226 0.000329693 
-5.08653e-05 -6.62009e-05 -7.88274e-05 -0.000121492 -0.000137289 -0.000118596 7.46151e-05 0.000386987 0.000682957 0.000808449 0.000940725 0.000982617 0.000955787 0.000913355 0.000858305 0.00080048 0.000734908 0.000666968 0.000586066 0.00051256 0.00045049 0.000378937 0.000298423 0.000228078 
-5.72738e-05 -7.01579e-05 -0.000103321 -0.000123762 -0.000129798 5.98976e-06 0.000314879 0.000682033 0.000854931 0.0010022 0.00107419 0.001084 0.00103908 0.000985559 0.000891022 0.00078577 0.000706647 0.000618573 0.000508905 0.000430155 0.000397291 0.000360008 0.000305261 0.000241223 
-5.97473e-05 -8.53467e-05 -8.0514e-05 -7.01531e-05 -1.22161e-05 0.000229621 0.000607653 0.000877174 0.00107626 0.00115082 0.00115093 0.00111706 0.00105279 0.000986928 0.000887197 0.000773462 0.000655301 0.000530623 0.000423202 0.000392843 0.000391977 0.000380539 0.000339409 0.000300328 
-7.37312e-05 -5.83009e-05 -1.22168e-05 7.76712e-05 0.000242013 0.000524031 0.000873402 0.00111714 0.00118456 0.00115087 0.00110788 0.00106518 0.00100696 0.00092478 0.000846773 0.000731626 0.000609328 0.000466393 0.00040268 0.000435577 0.000496583 0.00052114 0.000483343 0.000434412 
-5.5393e-05 -2.18637e-05 6.97854e-05 0.000233485 0.000485437 0.00081226 0.00105808 0.0011689 0.00114418 0.00108402 0.0010371 0.00100651 0.000959732 0.000875139 0.000763511 0.000638524 0.000506081 0.00044022 0.000435769 0.000486727 0.000536342 0.000550099 0.000520097 0.000467071 
-1.85523e-05 3.30964e-05 0.000169717 0.000374757 0.00064279 0.000930664 0.00107647 0.00109987 0.00106019 0.00101999 0.00098289 0.000951662 0.000923018 0.000862214 0.000745327 0.000600111 0.000476584 0.000450484 0.000475968 0.000531544 0.000588449 0.000576007 0.000524411 0.000424116 
3.36907e-05 0.000155097 0.00030124 0.000507803 0.000803079 0.00100578 0.0010482 0.00102157 0.000989483 0.000963935 0.000942179 0.000916832 0.00089633 0.000842484 0.000753376 0.000619423 0.000493613 0.000476158 0.000489925 0.000576249 0.000592708 0.000596786 0.000551768 0.000484809 
0.00017374 0.000305598 0.000478587 0.000703068 0.000912082 0.00100855 0.00100115 0.000968614 0.000943995 0.00092412 0.00090119 0.000873545 0.000846081 0.000804755 0.000734658 0.00063293 0.000538904 0.000520072 0.000533434 0.00053042 0.000563116 0.000531351 0.000459974 0.00037287 
0.000346662 0.000507312 0.000676136 0.000839366 0.000958943 0.000983255 0.000968864 0.000953922 0.000930686 0.00090001 0.000866709 0.000825514 0.000803399 0.000763085 0.000685298 0.000602101 0.000546019 0.000535072 0.000538409 0.000497527 0.000420466 0.00033123 0.000245559 0.000133815 
0.000465745 0.000625188 0.000777324 0.000888442 0.000940546 0.000957053 0.000951762 0.000940915 0.000919194 0.000883901 0.000840105 0.000804171 0.000770515 0.000722595 0.000655926 0.000601465 0.000576391 0.000567298 0.000540736 0.000468214 0.000315999 0.000211684 0.000114879 6.6674e-05 
0.000473731 0.000633708 0.000769856 0.000855811 0.00088583 0.000906056 0.000921838 0.000916916 0.00089417 0.000861084 0.000820964 0.00078116 0.000731312 0.000676986 0.000634821 0.000606149 0.000589074 0.000624588 0.000585187 0.000424326 0.000285638 0.000178599 4.96027e-05 -1.85347e-05 
0.000473551 0.000602893 0.000734119 0.000816809 0.000841587 0.000848829 0.000862148 0.000868166 0.000851395 0.000809479 0.000751921 0.000717012 0.000692234 0.000653419 0.000619147 0.000595436 0.000602765 0.000638319 0.000534856 0.000382705 0.000218307 9.55409e-05 -1.08605e-05 -5.61954e-05 
0.000399377 0.000512355 0.000637166 0.000717668 0.000754395 0.000778671 0.000809729 0.000827442 0.000819728 0.000778241 0.000731466 0.000721 0.000723236 0.000703047 0.000679368 0.000666552 0.000694439 0.000580534 0.000452439 0.000282942 0.000154789 4.58476e-05 -1.99842e-05 -6.1093e-05 
0.000370163 0.000479894 0.000593823 0.000683188 0.000780214 0.00084197 0.000876725 0.000886728 0.000875052 0.000848458 0.000791975 0.000744733 0.000715215 0.000680567 0.000643994 0.000642714 0.000597913 0.000471263 0.000289675 0.000167401 0.000106581 5.28759e-05 2.76647e-06 -2.76722e-05 
0.000318175 0.000421617 0.000515018 0.000619096 0.000699435 0.000742283 0.000750505 0.000753271 0.000763959 0.000774817 0.000743088 0.000668052 0.000602174 0.000554227 0.00050567 0.000459091 0.000366332 0.0002297 0.000137579 7.03523e-05 5.59001e-05 5.258e-05 3.75385e-05 1.8956e-05 
0.000232029 0.000320625 0.000408412 0.000491719 0.000545678 0.000565432 0.000573088 0.000588178 0.000596183 0.000614839 0.000607051 0.000561024 0.000512014 0.000478312 0.000436598 0.000364926 0.000262212 0.000156674 9.81751e-05 4.4691e-05 4.18813e-05 4.17287e-05 2.71934e-05 8.31173e-06 
0.000156534 0.000219035 0.000269055 0.000311667 0.000349411 0.000349566 0.000348806 0.000353004 0.000354018 0.000367199 0.000375248 0.000364951 0.000354036 0.000333531 0.000274254 0.000200502 0.000139247 6.73164e-05 2.9203e-05 -7.07532e-06 -2.82071e-05 -4.19404e-05 -3.56257e-05 -3.15116e-05 
9.26439e-05 0.00014187 0.000173937 0.000185632 0.000173698 0.00015485 0.00014869 0.000145755 0.000141986 0.000164284 0.00021061 0.000242891 0.000257577 0.000245488 0.000200804 0.000144855 6.29948e-05 -5.9494e-06 -3.53457e-05 -4.59784e-05 -4.70345e-05 -4.25721e-05 -3.41641e-05 -2.25504e-05 
