-0.000100288 -0.000114001 -0.000118336 -0.000116256 -0.000116814 -0.000108124 -0.000110594 -7.25753e-05 -5.18901e-05 -5.5686e-05 -5.61481e-05 -5.26531e-05 -4.66223e-05 -2.83686e-05 -5.22071e-06 1.3106e-05 2.02514e-05 1.44795e-05 6.65586e-06 -8.52682e-06 -1.59551e-05 -1.57985e-05 -1.43403e-05 -1.27683e-05 
-0.000116545 -0.000134184 -0.000140865 -0.000149986 -0.000175472 -0.000196423 -0.000186032 -0.000190219 -0.000213347 -0.00025407 -0.000280527 -0.000287205 -0.000275663 -0.000259289 -0.000225426 -0.000163921 -8.26338e-05 -2.07124e-05 6.26327e-06 -2.30775e-06 -1.15306e-05 -1.2813e-05 -1.05276e-05 -7.70391e-06 
-0.000122698 -0.000138565 -0.000156455 -0.000193774 -0.000225759 -0.000256839 -0.000296973 -0.000351787 -0.00042211 -0.000512079 -0.000594529 -0.000623389 -0.000598306 -0.000529855 -0.000435994 -0.000342618 -0.000248438 -0.000144373 -5.43341e-05 6.56491e-07 5.7105e-06 -1.05348e-05 -1.35478e-05 -7.88799e-06 
-0.000101504 -0.000118372 -0.000152433 -0.000227918 -0.000285508 -0.000336086 -0.000425819 -0.000540402 -0.000637131 -0.000723415 -0.00077369 -0.000786807 -0.000766255 -0.000713455 -0.000637785 -0.000538984 -0.000401727 -0.000270399 -0.000179243 -0.000125188 -0.000109792 -0.000113868 -0.00010748 -9.6462e-05 
-0.000122632 -0.000142661 -0.000179061 -0.000246167 -0.000325457 -0.000415319 -0.000515812 -0.000633283 -0.000741067 -0.000836008 -0.00087623 -0.000866887 -0.000820401 -0.00077596 -0.000712684 -0.000618428 -0.000507658 -0.000370051 -0.000293128 -0.000250011 -0.000228745 -0.00022026 -0.000198573 -0.000179054 
-0.000105511 -0.000124539 -0.000162311 -0.000229216 -0.000315864 -0.000408656 -0.000511771 -0.000621288 -0.000741433 -0.000859967 -0.000906251 -0.00092282 -0.000917384 -0.000883918 -0.000804923 -0.000725322 -0.000613961 -0.000480542 -0.000400521 -0.000401029 -0.000382856 -0.000368608 -0.000306885 -0.000255968 
-8.57622e-05 -0.000102486 -0.000134892 -0.000213231 -0.000308079 -0.00041499 -0.000531218 -0.000660171 -0.000810528 -0.000952328 -0.00102282 -0.00102998 -0.000998851 -0.000985186 -0.000930056 -0.000840659 -0.000744737 -0.000619048 -0.000527845 -0.000514512 -0.000527069 -0.000515262 -0.000444697 -0.000354431 
-6.89607e-05 -8.39824e-05 -0.000104329 -0.000158287 -0.000251511 -0.000369251 -0.000484031 -0.000611703 -0.000758433 -0.000862267 -0.000918301 -0.000929025 -0.0009255 -0.000918097 -0.000890907 -0.000862864 -0.000781648 -0.000702851 -0.000660811 -0.000658486 -0.000641987 -0.000605935 -0.000543766 -0.000469587 
-6.26631e-05 -7.88445e-05 -9.63279e-05 -0.000142615 -0.000225407 -0.000327768 -0.00043461 -0.000535576 -0.00063145 -0.000726158 -0.000800487 -0.000821612 -0.000858944 -0.000875071 -0.000870204 -0.00085711 -0.000779672 -0.000743812 -0.000745747 -0.000770464 -0.000762787 -0.000713278 -0.000623092 -0.000514179 
-5.45541e-05 -6.73245e-05 -8.98216e-05 -0.000142006 -0.000225507 -0.00032446 -0.000432562 -0.000550515 -0.000640696 -0.000715123 -0.00080043 -0.000849011 -0.000865958 -0.000869169 -0.000873104 -0.000876787 -0.000858653 -0.000834133 -0.000831225 -0.000843759 -0.000837161 -0.00077122 -0.000663781 -0.000526575 
-6.56095e-05 -8.92575e-05 -0.00010309 -0.000130425 -0.000204324 -0.000304653 -0.000432023 -0.000567713 -0.000676232 -0.00076438 -0.000840492 -0.000895375 -0.000911116 -0.000901744 -0.000896311 -0.00092901 -0.00092436 -0.000904839 -0.000903373 -0.000882161 -0.000831027 -0.000745589 -0.000622724 -0.000504553 
-5.4334e-05 -7.35646e-05 -8.60362e-05 -9.87699e-05 -0.00014403 -0.000238772 -0.000381563 -0.000530944 -0.000656042 -0.000778876 -0.000866161 -0.000917616 -0.000942933 -0.00095608 -0.000968839 -0.000982189 -0.000967993 -0.000943747 -0.000925432 -0.000901102 -0.000843418 -0.000741737 -0.000606624 -0.000467771 
-5.09218e-05 -6.78779e-05 -8.2313e-05 -0.000112997 -0.000192196 -0.000305465 -0.000437855 -0.000611536 -0.000760781 -0.000871984 -0.000951075 -0.000982104 -0.000982089 -0.000979176 -0.000983218 -0.000980945 -0.000951473 -0.000936248 -0.000915197 -0.000879072 -0.000825124 -0.000730968 -0.000596957 -0.00045294 
-3.65266e-05 -5.6684e-05 -0.000101266 -0.000161788 -0.000267559 -0.000417248 -0.000595798 -0.000756222 -0.000871075 -0.000923152 -0.000932212 -0.00094341 -0.000926849 -0.000910561 -0.000880117 -0.00086105 -0.000831574 -0.000814429 -0.000791164 -0.000753593 -0.000700236 -0.000617486 -0.000513015 -0.000404492 
-4.58908e-05 -9.09869e-05 -0.000125724 -0.000205366 -0.0003702 -0.000529989 -0.000668013 -0.000761783 -0.000822381 -0.000861935 -0.00088862 -0.000872808 -0.000847993 -0.000804586 -0.000783872 -0.000767567 -0.000747348 -0.000725233 -0.000697067 -0.000664163 -0.000617398 -0.000545214 -0.000448096 -0.00034824 
-7.60649e-05 -0.000115391 -0.000215881 -0.000363249 -0.000495866 -0.000618581 -0.000717621 -0.000785531 -0.000814047 -0.000836505 -0.000823451 -0.000780704 -0.000719468 -0.000674168 -0.000650105 -0.00063381 -0.000613733 -0.000589723 -0.000561948 -0.000534036 -0.000502174 -0.000455074 -0.000383112 -0.000305262 
-8.78971e-05 -0.000217134 -0.000342205 -0.000468472 -0.000599371 -0.000712642 -0.000782786 -0.0008262 -0.000825081 -0.0007955 -0.000729719 -0.00066279 -0.000602759 -0.000565247 -0.00053323 -0.000508762 -0.00048598 -0.000464919 -0.000446142 -0.000418347 -0.000380309 -0.000329822 -0.000270912 -0.000213342 
-0.00013329 -0.000273593 -0.000401988 -0.000531008 -0.000672788 -0.000787358 -0.00085834 -0.000868764 -0.00082771 -0.000737324 -0.000645316 -0.000558836 -0.000492646 -0.000445985 -0.000418523 -0.000383807 -0.000348912 -0.000323279 -0.000321613 -0.000323158 -0.000306213 -0.000269261 -0.000228689 -0.000185653 
-0.000191978 -0.00033444 -0.00046562 -0.000624837 -0.00078993 -0.000889164 -0.000932344 -0.000893433 -0.000782227 -0.000673991 -0.000564239 -0.000455357 -0.00038121 -0.000337444 -0.00031229 -0.000285012 -0.000260275 -0.00025141 -0.000250133 -0.000245014 -0.000228737 -0.000197853 -0.000162525 -0.000130618 
-0.00026365 -0.000411635 -0.000577531 -0.000760356 -0.000898967 -0.000970038 -0.000946461 -0.00082699 -0.000712047 -0.000574062 -0.000430641 -0.000311361 -0.000258072 -0.00022557 -0.000225745 -0.000227302 -0.000227795 -0.000225772 -0.000217403 -0.000201647 -0.000180631 -0.000159702 -0.000137066 -0.000113232 
-0.000346415 -0.000514174 -0.000715222 -0.000871688 -0.00095047 -0.00094224 -0.000848959 -0.000729109 -0.000585735 -0.000429522 -0.000311284 -0.000236016 -0.000208602 -0.000180126 -0.000169484 -0.000171969 -0.000160807 -0.000148438 -0.000133847 -0.000123769 -0.00011321 -0.000100752 -8.67481e-05 -6.72404e-05 
-0.00041469 -0.000615148 -0.000788971 -0.000890913 -0.000893993 -0.000814216 -0.000701829 -0.000560975 -0.000418145 -0.000296159 -0.000236343 -0.000220039 -0.000196743 -0.000149787 -0.000135366 -0.000135708 -0.000124383 -0.000103766 -9.13724e-05 -9.27087e-05 -9.04074e-05 -8.71184e-05 -7.43148e-05 -5.60196e-05 
-0.000492461 -0.000683342 -0.000809576 -0.000854044 -0.000777628 -0.000684946 -0.000552069 -0.000406266 -0.000277277 -0.000214016 -0.000208934 -0.000180071 -0.000134137 -9.82021e-05 -7.81963e-05 -5.58351e-05 -4.87569e-05 -5.21665e-05 -5.27029e-05 -3.53929e-05 -3.01919e-05 -2.86716e-05 -2.84287e-05 -2.26134e-05 
-0.00055727 -0.000693206 -0.000749121 -0.00072613 -0.000673764 -0.000557409 -0.000418224 -0.000288157 -0.000211036 -0.000175814 -0.000158484 -0.000130348 -0.000102785 -8.3166e-05 -6.63403e-05 -3.67819e-05 -2.62283e-05 -3.3332e-05 -1.0025e-05 6.82215e-06 1.72691e-05 1.61352e-05 1.5662e-05 1.60034e-05 
-0.000575152 -0.000633139 -0.000634466 -0.000602692 -0.000520318 -0.000405085 -0.000256729 -0.00017292 -0.000113964 -9.39295e-05 -9.17626e-05 -7.76838e-05 -7.25936e-05 -6.40495e-05 -4.41173e-05 -3.06178e-05 -3.47241e-05 -2.85917e-05 -9.62126e-07 1.62762e-05 2.45438e-05 1.64849e-05 8.79971e-06 3.71515e-06 
-0.000492022 -0.000520205 -0.000518044 -0.00046135 -0.000393029 -0.000262973 -0.000188647 -0.00012371 -8.53059e-05 -6.78559e-05 -6.54623e-05 -6.11676e-05 -6.46532e-05 -5.56702e-05 -3.38908e-05 -2.42345e-05 -3.80634e-05 -2.19844e-05 4.19325e-06 4.0167e-05 3.91793e-05 8.7971e-06 -8.12402e-06 -1.20181e-05 
-0.000389887 -0.000412981 -0.000399932 -0.000361693 -0.000280544 -0.000217004 -0.000157963 -0.000104126 -7.47138e-05 -6.1512e-05 -5.45697e-05 -5.0115e-05 -5.00856e-05 -4.37458e-05 -2.24922e-05 -1.26664e-05 -1.21788e-05 7.43036e-06 4.0604e-05 6.22975e-05 3.73142e-05 -1.46563e-05 -3.73455e-05 -4.38193e-05 
-0.000314166 -0.000330031 -0.000324888 -0.000276679 -0.000233117 -0.000189064 -0.000136054 -8.70023e-05 -6.34954e-05 -5.70553e-05 -5.4157e-05 -4.58395e-05 -3.94274e-05 -2.77018e-05 -1.47909e-05 -6.48995e-06 4.00733e-06 3.37182e-05 5.92236e-05 4.44362e-05 -4.61513e-05 -0.000113631 -0.000120223 -0.000103504 
-0.000246852 -0.000247892 -0.000248861 -0.000232919 -0.000195749 -0.0001617 -0.000125389 -8.60297e-05 -6.86865e-05 -6.38858e-05 -6.02512e-05 -4.44124e-05 -1.87472e-05 -5.45643e-06 2.64774e-06 8.57487e-06 1.86785e-05 4.09678e-05 4.08594e-05 -2.94732e-05 -0.000137567 -0.000174138 -0.000157161 -0.000166103 
-0.000186817 -0.000205964 -0.000214586 -0.000189931 -0.00015583 -0.000133678 -0.000109464 -9.03477e-05 -7.88566e-05 -7.10511e-05 -6.14299e-05 -4.39769e-05 -1.94432e-05 2.04041e-06 9.7029e-06 2.01042e-05 3.37678e-05 3.77909e-05 9.95859e-06 -7.49702e-05 -0.000134668 -0.000174381 -0.000210741 -0.000227744 
-0.000135037 -0.000147587 -0.000154746 -0.000140607 -0.000113992 -9.01379e-05 -7.86048e-05 -7.23904e-05 -6.6851e-05 -6.05434e-05 -4.96259e-05 -3.5937e-05 -2.22971e-05 -8.07719e-06 2.75821e-06 1.7548e-05 3.03423e-05 1.79568e-05 -5.00736e-05 -0.000105498 -0.000128468 -0.000175577 -0.000191089 -0.000174812 
-7.82112e-05 -8.46829e-05 -8.9988e-05 -8.43053e-05 -6.40371e-05 -4.87077e-05 -4.80639e-05 -4.8259e-05 -4.01877e-05 -3.0761e-05 -2.33325e-05 -1.79015e-05 -9.31985e-06 -2.51921e-06 3.61837e-06 1.34554e-05 1.81968e-05 -1.60276e-05 -7.5557e-05 -0.000144633 -0.0001565 -0.00017394 -0.000179827 -0.000168731 
-1.6961e-05 -2.7563e-05 -3.68215e-05 -3.40342e-05 -2.44683e-05 -1.94239e-05 -2.39729e-05 -2.80552e-05 -1.30984e-05 5.70568e-06 1.68255e-05 1.81264e-05 1.67923e-05 1.66127e-05 2.08166e-05 2.3764e-05 1.41343e-05 -1.9482e-05 -0.000117798 -0.000207356 -0.000213852 -0.000251624 -0.00027615 -0.000253996 
5.32633e-07 -3.08694e-06 -5.79639e-06 -1.2732e-07 1.68526e-05 2.62007e-05 2.68691e-05 2.96012e-05 4.61549e-05 6.54837e-05 7.01853e-05 6.51002e-05 5.34658e-05 4.56877e-05 4.71242e-05 4.47433e-05 1.95801e-05 -5.01723e-05 -0.000173593 -0.000229336 -0.000267389 -0.000291289 -0.000297124 -0.000267715 
3.14389e-05 3.00282e-05 3.39715e-05 4.79008e-05 6.21492e-05 7.00324e-05 6.86907e-05 7.46378e-05 9.03717e-05 9.95868e-05 9.56524e-05 8.96631e-05 8.11913e-05 7.50271e-05 7.91307e-05 6.03316e-05 5.1811e-06 -0.000102335 -0.000185832 -0.000236106 -0.000284009 -0.000300683 -0.000289301 -0.000235086 
3.36371e-05 4.18118e-05 5.03077e-05 4.7426e-05 2.61702e-05 7.78433e-06 2.21484e-06 9.11418e-06 1.77484e-05 2.75125e-05 4.31876e-05 5.93021e-05 7.24846e-05 7.50092e-05 6.95226e-05 3.67488e-05 -6.09151e-05 -0.000136955 -0.000179417 -0.000210916 -0.000244437 -0.000254632 -0.000237525 -0.000183253 
-3.86486e-05 -3.17786e-05 -3.58825e-05 -5.86876e-05 -8.39139e-05 -0.000106079 -0.000115152 -0.000112916 -0.000104983 -9.89187e-05 -6.5334e-05 -4.46057e-05 -3.05412e-05 -2.40251e-05 -2.37381e-05 -4.89696e-05 -9.93002e-05 -0.000116485 -0.000156263 -0.000182094 -0.000188943 -0.00017951 -0.000167944 -0.00013492 
-5.13737e-05 -5.30883e-05 -6.46847e-05 -0.000105342 -0.000149113 -0.000172479 -0.000180714 -0.000181607 -0.000176854 -0.00016097 -0.000111907 -7.5214e-05 -6.16027e-05 -5.36056e-05 -4.96335e-05 -7.26524e-05 -9.11587e-05 -0.000138881 -0.000170376 -0.000175916 -0.000159287 -0.000141522 -0.000123668 -9.87833e-05 
-6.45396e-05 -5.43653e-05 -6.5074e-05 -0.000100344 -0.000136061 -0.000167104 -0.000172117 -0.000165773 -0.000159747 -0.000134959 -8.36508e-05 -5.08662e-05 -4.50098e-05 -3.78211e-05 -3.7803e-05 -4.91807e-05 -6.99404e-05 -0.000103951 -0.000132532 -0.000136178 -0.000127281 -0.00012334 -0.000111928 -9.37453e-05 
-7.39553e-06 4.67215e-06 -3.30204e-06 -2.43539e-05 -6.63283e-05 -0.000101673 -0.000114129 -0.000112218 -0.000105745 -8.45961e-05 -5.62127e-05 -3.86613e-05 -3.22993e-05 -2.89234e-05 -1.8697e-05 -1.17002e-05 -4.50223e-05 -8.26749e-05 -0.000103253 -0.000109993 -0.000103864 -9.85955e-05 -8.59789e-05 -6.51469e-05 
