-7.56844e-05 -8.68272e-05 -9.21373e-05 -9.83766e-05 -0.000109189 -8.7063e-05 -5.69167e-05 -2.2939e-06 1.71983e-05 9.16971e-06 9.46179e-06 7.30152e-06 5.96085e-06 1.98126e-05 4.68887e-05 6.23276e-05 6.25794e-05 4.56359e-05 2.24013e-05 3.77931e-06 -4.85261e-06 -5.75886e-06 -5.37969e-06 -2.62876e-06 
-0.000104682 -0.000121017 -0.000131248 -0.000152743 -0.000168317 -0.00019557 -0.000168152 -0.000144625 -0.000146998 -0.000160123 -0.000162411 -0.000155204 -0.000146807 -0.000154606 -0.000146081 -7.93762e-05 -7.35107e-06 3.90299e-05 5.32431e-05 2.5936e-05 1.18354e-05 2.32508e-05 2.73022e-05 3.06097e-05 
-8.02387e-05 -9.00092e-05 -0.000104113 -0.000143186 -0.000165918 -0.000214696 -0.000247848 -0.000268226 -0.000289556 -0.000323856 -0.000358494 -0.000366725 -0.000347932 -0.00030589 -0.000273795 -0.000239932 -0.000188267 -8.37222e-05 1.21989e-06 4.78135e-05 2.77771e-05 -1.6628e-05 -2.32602e-05 -2.16413e-05 
-8.48687e-05 -0.000100435 -0.000136275 -0.00019252 -0.000248866 -0.000296552 -0.000334117 -0.000298433 -0.000317061 -0.000347823 -0.000366711 -0.000400473 -0.000393605 -0.00035078 -0.000307465 -0.000309486 -0.000335663 -0.000266794 -0.000150865 -5.12454e-05 -3.39792e-05 -5.15785e-05 -4.22078e-05 -3.68435e-05 
-0.000112106 -0.000135205 -0.00016518 -0.00023312 -0.000323492 -0.000408602 -0.00047639 -0.000525017 -0.000554064 -0.00056958 -0.000519315 -0.000449289 -0.000398805 -0.000376898 -0.000348415 -0.000353992 -0.000373125 -0.000382719 -0.000302734 -0.000174197 -7.95034e-05 -7.81738e-05 -6.09398e-05 -4.49622e-05 
-9.62659e-05 -0.000118374 -0.000162335 -0.000234616 -0.000324174 -0.000405845 -0.000476338 -0.00055426 -0.000599228 -0.000619164 -0.000540316 -0.000443683 -0.000374781 -0.000368989 -0.000352662 -0.000358522 -0.000386446 -0.000455241 -0.000468866 -0.000392403 -0.000315657 -0.000277615 -0.000200819 -0.000138992 
-7.54464e-05 -9.5499e-05 -0.000118161 -0.000179444 -0.000258439 -0.000334819 -0.000402794 -0.000456954 -0.000463674 -0.000469197 -0.000407577 -0.000342063 -0.000304794 -0.000333499 -0.000368496 -0.000398084 -0.00046189 -0.00053795 -0.000561985 -0.000578472 -0.000576818 -0.000511145 -0.000401803 -0.000314238 
-4.79023e-05 -5.8436e-05 -6.43155e-05 -9.79057e-05 -0.000138079 -0.000187571 -0.00024542 -0.000289943 -0.000273566 -0.000241646 -0.000237423 -0.00023526 -0.000230848 -0.000238744 -0.000292891 -0.000448829 -0.000523696 -0.000592047 -0.000601674 -0.0006642 -0.000716826 -0.000677141 -0.000578124 -0.00044467 
-5.51627e-05 -6.89665e-05 -6.8612e-05 -8.88272e-05 -0.000135049 -0.000179455 -0.000217041 -0.000232363 -0.000178552 -0.000154401 -0.00015613 -0.000180505 -0.000174468 -0.000166674 -0.000216517 -0.000366956 -0.000476044 -0.000571791 -0.000611878 -0.000665773 -0.000688811 -0.000672712 -0.00059504 -0.000484696 
-7.28115e-05 -8.9837e-05 -9.86791e-05 -0.000132401 -0.000197581 -0.000240146 -0.000267668 -0.000294495 -0.000243201 -0.000202212 -0.00018929 -0.000162282 -0.000112465 -9.53902e-05 -0.000151536 -0.000250116 -0.000328465 -0.000459013 -0.000521948 -0.000561787 -0.000577595 -0.000546723 -0.000468006 -0.000374745 
-7.86848e-05 -0.00010159 -0.000117858 -0.000137829 -0.00016439 -0.000193398 -0.000230685 -0.000268143 -0.000249374 -0.000222647 -0.000195548 -0.000205178 -0.000207452 -0.000197088 -0.000178585 -0.000230211 -0.000319581 -0.000406895 -0.000441472 -0.000423404 -0.000389629 -0.000352551 -0.000291239 -0.000215026 
-5.32744e-05 -7.15808e-05 -8.81792e-05 -0.00010562 -0.000138673 -0.000170577 -0.000225591 -0.000280624 -0.000294774 -0.000297333 -0.000296966 -0.000303245 -0.000296704 -0.000271405 -0.000245467 -0.000265694 -0.000318427 -0.000355866 -0.00036121 -0.00034962 -0.000318757 -0.000261109 -0.000201211 -0.000128809 
-2.65059e-05 -3.97408e-05 -7.18568e-05 -0.000128655 -0.000185429 -0.000253988 -0.00032656 -0.00042256 -0.000439695 -0.00041633 -0.000402474 -0.000407318 -0.000395249 -0.00035485 -0.000337369 -0.000351403 -0.000381237 -0.000409597 -0.000402166 -0.000372162 -0.000335231 -0.000285689 -0.000223287 -0.000154258 
-2.08813e-05 -4.59504e-05 -7.40428e-05 -0.000131544 -0.000225901 -0.00032727 -0.00042772 -0.000529586 -0.000537204 -0.000482673 -0.000416281 -0.000423063 -0.000420837 -0.000397157 -0.000367354 -0.00037387 -0.000386948 -0.000384014 -0.000365735 -0.000330032 -0.000282809 -0.000232579 -0.0001719 -0.000120921 
-3.90671e-05 -7.28968e-05 -0.000104737 -0.000172425 -0.000306388 -0.000402432 -0.000487731 -0.000511733 -0.000460668 -0.000400921 -0.000377468 -0.000353325 -0.000341514 -0.000314199 -0.000289202 -0.000291177 -0.000299461 -0.000292475 -0.000261187 -0.00020232 -0.000141779 -9.18896e-05 -4.81885e-05 -1.21938e-05 
-3.04717e-05 -4.89179e-05 -0.000157718 -0.000306997 -0.000410749 -0.000501574 -0.000567357 -0.000465713 -0.000414098 -0.000345685 -0.000278151 -0.000223897 -0.000177174 -0.000135274 -9.24483e-05 -5.47932e-05 -2.18755e-05 1.54006e-05 6.33123e-05 0.000113371 0.000148628 0.000170505 0.000168191 0.000152094 
-3.99284e-05 -0.000170534 -0.000289731 -0.000417247 -0.000520213 -0.000573439 -0.00050693 -0.000461543 -0.000370689 -0.000258376 -0.000158236 -7.27822e-05 4.62088e-05 0.000131059 0.000183172 0.000226607 0.000265704 0.000291904 0.000309093 0.000337249 0.00035721 0.000346739 0.000301041 0.000241105 
-0.000157718 -0.000284714 -0.000417461 -0.000521089 -0.000548002 -0.000553006 -0.000540209 -0.000427756 -0.000302423 -0.000180891 -5.81314e-05 0.000118475 0.000226543 0.000319598 0.000379908 0.000440511 0.000490982 0.000521632 0.000513658 0.00048556 0.000456061 0.000414571 0.00034722 0.000267712 
-0.000244298 -0.00038834 -0.000479624 -0.000517333 -0.000573495 -0.000560142 -0.000490046 -0.000354803 -0.000186728 -7.67805e-05 0.000137161 0.000322566 0.000443536 0.000515103 0.000548474 0.000561455 0.000548799 0.000514743 0.000473533 0.000426711 0.000376754 0.000323332 0.000259885 0.000196549 
-0.00032212 -0.000413124 -0.000451403 -0.000509757 -0.000529628 -0.000526625 -0.000419744 -0.000221887 -6.73651e-05 0.000181319 0.000438374 0.000615559 0.000656394 0.000652233 0.000623505 0.000589915 0.000536707 0.00048032 0.000422865 0.000372361 0.000324983 0.000276371 0.000221318 0.000163047 
-0.000344928 -0.000382055 -0.000427625 -0.000450337 -0.000461562 -0.000413719 -0.000260428 -5.69976e-05 0.000240816 0.000521552 0.000715726 0.00077468 0.000781779 0.000742415 0.000656251 0.000582123 0.000530215 0.000520508 0.000503872 0.000477524 0.000440053 0.000389932 0.000318951 0.000250946 
-0.000326345 -0.000376379 -0.000399325 -0.000408883 -0.000348824 -0.000224195 -1.77556e-05 0.000274421 0.000550272 0.000725322 0.000788982 0.000806929 0.0007773 0.000714028 0.000606581 0.000531559 0.000515681 0.000505879 0.000470277 0.000426137 0.000403997 0.000374274 0.000327702 0.000268075 
-0.000293708 -0.000346246 -0.000376955 -0.000348733 -0.000240382 -5.94347e-05 0.00022289 0.000504754 0.000689131 0.000730948 0.000741647 0.000728149 0.000683191 0.000594802 0.000511869 0.000472159 0.000443358 0.00039352 0.000350339 0.000337011 0.000327758 0.00030966 0.000264961 0.000204382 
-0.000284148 -0.000326212 -0.000299185 -0.000240123 -0.000112991 0.000110989 0.000406409 0.000562547 0.000600705 0.000653838 0.000668586 0.000652875 0.000607468 0.00052454 0.000479827 0.000423978 0.000364939 0.000298486 0.000257156 0.000218643 0.000213851 0.000207383 0.000189607 0.000153861 
-0.00025898 -0.000230022 -0.000182173 -8.6449e-05 9.69227e-05 0.000366946 0.000522825 0.000557333 0.000575555 0.000605395 0.000619213 0.000606316 0.000566673 0.000514956 0.000456579 0.000387698 0.00029228 0.000209789 0.00016734 0.000139055 0.000133569 0.000121755 0.000103586 7.7487e-05 
-0.000192567 -0.000142548 -2.12971e-05 0.000160226 0.000385589 0.000561013 0.000572499 0.000585149 0.000613665 0.000595277 0.000565708 0.000548272 0.000512242 0.000465432 0.000406802 0.000306519 0.000194508 0.000128541 0.000108943 0.000152951 0.000169345 0.00014296 0.000124241 0.000116285 
-9.5511e-05 2.4516e-05 0.000188387 0.000387866 0.00056687 0.000572322 0.000573584 0.000576449 0.000571774 0.00054108 0.000512087 0.000486557 0.000444511 0.000398043 0.00032022 0.00020937 0.000118134 0.000102978 0.000134845 0.00015105 0.000126535 0.000110182 0.000105177 8.8e-05 
2.32905e-05 0.000175858 0.000363713 0.000531183 0.000553194 0.000541762 0.000525499 0.000541672 0.000531475 0.00050562 0.000478332 0.000451517 0.000410259 0.000368213 0.000279138 0.000175398 9.94947e-05 0.000119321 0.000150613 0.000146985 9.49539e-05 5.6257e-05 1.73676e-05 -3.87111e-05 
0.000172933 0.000342802 0.000473433 0.000521265 0.000529626 0.000511567 0.000498367 0.000502265 0.000489892 0.000477048 0.000458335 0.000435865 0.000401811 0.000357052 0.000260541 0.0001747 0.000122299 0.000138172 0.000151801 8.71889e-05 -2.41163e-05 -8.50231e-05 -0.000106797 -0.000156742 
0.000286368 0.00038383 0.000448876 0.000502549 0.000504831 0.000478809 0.000464648 0.000451984 0.000440344 0.000428568 0.000415423 0.00040106 0.000377872 0.00032989 0.000240485 0.000174655 0.000156991 0.00017184 0.000144906 3.66567e-05 -4.32964e-05 -9.30763e-05 -0.000147725 -0.000206443 
0.000253436 0.000334975 0.000411268 0.000458595 0.000463609 0.00045362 0.000442438 0.000434118 0.000421051 0.000404814 0.000388919 0.000375112 0.000348185 0.000291501 0.000223796 0.000178739 0.00018656 0.000215209 0.000162384 6.24316e-05 -1.72998e-06 -6.74139e-05 -0.000109725 -0.000112413 
0.000221554 0.000305183 0.000376369 0.000428812 0.000443133 0.000440735 0.000436975 0.00043182 0.000415297 0.000394024 0.000377666 0.000357156 0.000320696 0.000268135 0.000220289 0.00020474 0.000236761 0.00025253 0.000203951 9.63833e-05 1.81136e-05 -4.20104e-05 -8.2727e-05 -0.000104721 
0.000252228 0.000324891 0.000386361 0.000418755 0.000426426 0.000421061 0.000420481 0.000416344 0.000395651 0.000375216 0.000352308 0.000319792 0.000281662 0.000238799 0.000212227 0.000222744 0.000267647 0.000275826 0.000206539 5.08397e-05 -6.67724e-05 -0.00012206 -0.000172415 -0.000198671 
0.00022478 0.000291144 0.000353231 0.000389129 0.000401812 0.000408342 0.00042028 0.0004251 0.000408498 0.000370714 0.000328026 0.000296747 0.000268837 0.000237548 0.000225424 0.000256147 0.000293347 0.000275855 0.000143609 -1.96249e-05 -0.000134909 -0.000206834 -0.000239801 -0.00023922 
0.000186574 0.000247579 0.000317648 0.000362234 0.00038908 0.000401106 0.000422541 0.000438283 0.000428336 0.000389472 0.000351031 0.000335041 0.000331475 0.000317759 0.000325216 0.00033605 0.000341979 0.00028132 0.000105988 -6.2592e-06 -0.000143848 -0.000242511 -0.000267531 -0.000230669 
0.000182602 0.000246755 0.000311013 0.000366394 0.000394314 0.000419945 0.000445466 0.000455809 0.00044802 0.000425717 0.000387048 0.000381597 0.000386503 0.000374322 0.000368225 0.000361349 0.00033298 0.000225114 8.71046e-05 -1.32906e-05 -0.000133347 -0.000204678 -0.000218714 -0.000176499 
0.000203823 0.000276324 0.000340907 0.000379006 0.000400626 0.000396073 0.000406469 0.000406662 0.000399682 0.000390444 0.000396198 0.000393589 0.000390932 0.000367551 0.000354761 0.000343546 0.000297386 0.000150762 4.92541e-05 -3.43719e-05 -7.4763e-05 -0.000105132 -0.000128204 -0.000113427 
3.51918e-05 8.3994e-05 9.81073e-05 8.56602e-05 6.95866e-05 5.81384e-05 6.97636e-05 7.77427e-05 7.99359e-05 0.000104363 0.000174077 0.000235362 0.000269746 0.000264491 0.000229573 0.000165158 9.20171e-05 2.13288e-05 -1.72061e-05 -4.90245e-05 -6.40583e-05 -8.53226e-05 -9.33991e-05 -8.57182e-05 
-2.4244e-05 -1.35365e-05 -2.30015e-05 -4.62795e-05 -7.04363e-05 -8.49456e-05 -7.72505e-05 -6.62279e-05 -5.77256e-05 -2.3115e-05 6.67107e-05 0.000125875 0.000154307 0.000155718 0.000138839 0.000100264 6.76314e-05 5.16777e-05 -2.14563e-05 -6.40476e-05 -9.40989e-05 -0.000111595 -0.000105861 -9.20152e-05 
2.32738e-05 3.74578e-05 4.13888e-05 5.20153e-05 4.35846e-05 3.67779e-05 4.26906e-05 5.02132e-05 5.7477e-05 8.24348e-05 0.000128872 0.000173387 0.000190948 0.000187782 0.000170545 0.000131909 7.94432e-05 1.31472e-05 -5.4201e-05 -9.13038e-05 -0.00011535 -0.000122283 -0.000103401 -7.47047e-05 
