-2.20182e-05 -2.5161e-05 -2.69942e-05 -2.72633e-05 -2.65335e-05 -4.10798e-05 -4.81415e-05 -5.93552e-05 -7.01302e-05 -8.11213e-05 -9.24012e-05 -9.57958e-05 -9.0563e-05 -8.13227e-05 -7.09168e-05 -5.70778e-05 -4.07802e-05 -2.40803e-05 -1.32506e-05 -8.63746e-06 -7.81828e-06 -6.62298e-06 -5.89469e-06 -5.7514e-06 
-2.74839e-05 -3.13787e-05 -3.44503e-05 -3.92242e-05 -4.53294e-05 -5.96916e-05 -7.79854e-05 -8.17353e-05 -9.46502e-05 -0.000111664 -0.000118195 -0.0001122 -9.84108e-05 -8.95893e-05 -7.79034e-05 -6.66544e-05 -5.84767e-05 -4.65219e-05 -3.15423e-05 -2.01406e-05 -1.77471e-05 -1.84008e-05 -1.73655e-05 -1.63309e-05 
-2.62772e-05 -2.93745e-05 -3.6545e-05 -5.1725e-05 -6.268e-05 -8.21573e-05 -0.000108228 -0.000122099 -0.000137641 -0.000162894 -0.000186591 -0.000176182 -0.000151042 -0.000134006 -0.000115915 -9.39442e-05 -7.08279e-05 -5.52396e-05 -5.20324e-05 -4.69092e-05 -4.00454e-05 -3.69323e-05 -3.40846e-05 -3.23871e-05 
-1.61149e-05 -1.85884e-05 -2.43523e-05 -4.3416e-05 -6.48718e-05 -8.88154e-05 -0.000121433 -0.000155834 -0.000179904 -0.000194587 -0.000209641 -0.000210821 -0.000187114 -0.00016746 -0.000145427 -0.000115606 -8.01768e-05 -6.25108e-05 -5.77963e-05 -5.93673e-05 -5.3345e-05 -4.6709e-05 -4.68084e-05 -4.31444e-05 
-9.51906e-06 -1.13384e-05 -2.02339e-05 -5.47032e-05 -9.18642e-05 -0.000117122 -0.000138985 -0.000165876 -0.000198802 -0.00022365 -0.000232667 -0.000220149 -0.000192829 -0.00016982 -0.000155037 -0.00013579 -0.000102219 -6.30878e-05 -6.00347e-05 -7.70939e-05 -8.77699e-05 -8.45238e-05 -7.80368e-05 -6.86088e-05 
-1.1433e-05 -1.48758e-05 -2.7359e-05 -6.06998e-05 -0.000102081 -0.000139082 -0.000169529 -0.00019891 -0.000244146 -0.000284378 -0.000288982 -0.000266723 -0.000250756 -0.00022719 -0.000184017 -0.000143811 -0.000115801 -7.33619e-05 -5.76924e-05 -7.61535e-05 -9.49494e-05 -9.99197e-05 -9.52708e-05 -8.00979e-05 
-1.71284e-05 -2.24597e-05 -3.8803e-05 -7.20881e-05 -0.000112551 -0.000143549 -0.000174467 -0.000224429 -0.000293235 -0.000344469 -0.000359136 -0.000331389 -0.000294753 -0.000266221 -0.000213207 -0.000144127 -7.91059e-05 -3.88392e-05 -3.28827e-05 -5.02376e-05 -6.91237e-05 -9.65955e-05 -0.000105299 -0.000112483 
-1.66861e-05 -2.14625e-05 -3.51507e-05 -6.44345e-05 -0.000101019 -0.000132162 -0.000163408 -0.000220358 -0.000299523 -0.000342022 -0.000331443 -0.000285413 -0.000255878 -0.000235606 -0.000182739 -9.53663e-05 -1.84019e-05 1.38473e-05 9.28858e-07 -9.81911e-06 -1.72615e-05 -3.44939e-05 -5.43526e-05 -6.70415e-05 
-1.03699e-05 -1.25142e-05 -2.09829e-05 -4.90316e-05 -8.58141e-05 -0.000114772 -0.000148021 -0.00019723 -0.000261499 -0.000295088 -0.000295364 -0.000250103 -0.000232623 -0.000206192 -0.000158182 -8.5777e-05 -7.78482e-06 3.21163e-05 1.23524e-05 -6.93197e-07 -4.81719e-06 -4.28576e-06 -5.87704e-06 -7.70766e-06 
-3.44647e-06 -5.29395e-06 -1.23487e-05 -2.89569e-05 -5.03439e-05 -7.1661e-05 -9.0012e-05 -0.000123884 -0.000197288 -0.000240327 -0.000249924 -0.000230136 -0.000210329 -0.000182218 -0.000149802 -9.52347e-05 -3.61059e-05 -2.77886e-06 -1.16757e-05 -1.99793e-05 -2.81389e-05 -2.84627e-05 -2.51525e-05 -1.41148e-05 
-2.17526e-06 -5.7553e-06 -1.12918e-05 -2.91081e-05 -4.7652e-05 -6.25573e-05 -9.14765e-05 -0.000115281 -0.000162738 -0.000206907 -0.00021591 -0.00018852 -0.000163093 -0.000137363 -0.000112198 -9.07418e-05 -5.03987e-05 -1.76914e-05 -2.3731e-05 -2.80198e-05 -2.01648e-05 -1.9444e-05 -2.29821e-05 -2.03269e-05 
-5.23007e-06 -9.43109e-06 -1.12874e-05 -1.41518e-05 -2.85906e-05 -4.69485e-05 -6.75614e-05 -8.66523e-05 -0.000128215 -0.000172116 -0.000173253 -0.000147022 -0.000118697 -9.11283e-05 -7.92728e-05 -6.49068e-05 -3.87322e-05 -3.9406e-05 -4.96793e-05 -5.39471e-05 -5.37062e-05 -4.66053e-05 -3.35668e-05 -1.95069e-05 
-1.19552e-05 -2.13977e-05 -2.06281e-05 -2.13834e-05 -3.68903e-05 -4.54544e-05 -4.69692e-05 -5.4155e-05 -9.12376e-05 -0.000123452 -0.000126572 -0.000108311 -8.84695e-05 -7.10901e-05 -5.81146e-05 -4.17997e-05 -2.40452e-05 -3.58045e-05 -5.49258e-05 -6.53989e-05 -6.86464e-05 -6.55674e-05 -5.95839e-05 -4.60905e-05 
-1.68876e-05 -2.41626e-05 -2.75263e-05 -3.77048e-05 -5.42176e-05 -5.74154e-05 -6.02534e-05 -5.11294e-05 -7.19602e-05 -8.36974e-05 -9.44001e-05 -9.85716e-05 -8.15346e-05 -6.57072e-05 -5.54491e-05 -4.80426e-05 -5.24136e-05 -7.22307e-05 -9.64903e-05 -0.00011526 -0.000119484 -0.000110349 -9.72179e-05 -8.06339e-05 
-1.71116e-05 -2.17549e-05 -2.91821e-05 -3.76589e-05 -5.20989e-05 -5.60252e-05 -4.89968e-05 -5.46061e-05 -7.16756e-05 -8.70862e-05 -9.89051e-05 -9.68528e-05 -8.16607e-05 -6.72662e-05 -6.93523e-05 -8.44074e-05 -0.000109329 -0.000141394 -0.000169171 -0.000191576 -0.000205199 -0.000199003 -0.000175897 -0.000142675 
-1.64512e-05 -3.12346e-05 -3.3814e-05 -4.26172e-05 -4.33514e-05 -4.92566e-05 -4.24907e-05 -6.77768e-05 -6.5138e-05 -7.59551e-05 -9.89041e-05 -0.000101459 -9.53065e-05 -0.00010074 -0.000119153 -0.000139388 -0.000158443 -0.000175873 -0.000195043 -0.000214378 -0.000222847 -0.000211975 -0.000184918 -0.000151145 
-1.60712e-05 -2.40806e-05 -2.83747e-05 -2.5317e-05 -2.92309e-05 -3.49461e-05 -5.16111e-05 -6.57496e-05 -7.13248e-05 -9.67451e-05 -0.000119078 -0.000149289 -0.000179746 -0.000196917 -0.000211255 -0.000225317 -0.000236303 -0.000246496 -0.000254947 -0.000259155 -0.00025526 -0.000233186 -0.000199794 -0.00016067 
-6.99391e-06 -1.30639e-05 -4.77317e-06 1.53116e-06 -3.89791e-06 -1.73816e-05 -5.52859e-05 -7.84058e-05 -0.000115422 -0.000141576 -0.000186528 -0.000228653 -0.000254004 -0.000256629 -0.000261209 -0.000257205 -0.000253245 -0.000253378 -0.000257673 -0.000254577 -0.000244439 -0.000219971 -0.000185549 -0.00015077 
-3.77415e-06 -1.33215e-06 1.96474e-06 3.33157e-06 -8.18181e-06 -4.74444e-05 -0.000102749 -0.000167395 -0.000195832 -0.000218331 -0.000263701 -0.000281836 -0.00028074 -0.000278444 -0.000278255 -0.000275279 -0.000256896 -0.00022991 -0.000209494 -0.000191081 -0.000168756 -0.000141176 -0.00011212 -8.67097e-05 
3.8723e-06 5.57339e-06 6.55858e-06 -9.78205e-06 -3.89155e-05 -0.00010576 -0.000189079 -0.00023841 -0.000276266 -0.000308979 -0.000313564 -0.000314545 -0.000305978 -0.000286541 -0.00026568 -0.000247787 -0.000227481 -0.000194426 -0.000165389 -0.000142039 -0.000119729 -9.9311e-05 -7.93186e-05 -6.17518e-05 
2.02144e-05 2.03242e-05 -4.255e-07 -2.1811e-05 -8.3659e-05 -0.000163234 -0.000231671 -0.000285831 -0.000335803 -0.000328806 -0.000326873 -0.000314518 -0.000292699 -0.000264978 -0.000232338 -0.000199675 -0.000172133 -0.000147002 -0.000128919 -0.000113539 -0.000102072 -8.94238e-05 -7.32971e-05 -5.63897e-05 
2.83309e-05 7.65825e-06 -1.82054e-05 -6.79613e-05 -0.00012573 -0.000190201 -0.00025212 -0.000307104 -0.000314316 -0.000312617 -0.000316554 -0.000309456 -0.00028172 -0.000240068 -0.000202082 -0.000175033 -0.000149999 -0.000130206 -0.000121462 -0.000112744 -0.000104806 -9.45327e-05 -8.03429e-05 -6.40296e-05 
8.94746e-07 -3.01364e-05 -7.53991e-05 -0.000122338 -0.000170612 -0.000219312 -0.000273806 -0.000309717 -0.00030919 -0.000290145 -0.000287437 -0.000268382 -0.000239376 -0.000201539 -0.000159377 -0.000128894 -0.000118028 -0.000104362 -9.86022e-05 -9.37453e-05 -8.7391e-05 -7.5887e-05 -6.16045e-05 -4.76917e-05 
-3.79838e-05 -8.28508e-05 -0.000122315 -0.000157537 -0.000205625 -0.000253529 -0.000292372 -0.000295016 -0.000271151 -0.000248144 -0.000238 -0.000223211 -0.000198997 -0.00016755 -0.000136604 -0.000115675 -0.000104999 -9.4914e-05 -8.71058e-05 -8.12063e-05 -7.6281e-05 -6.94832e-05 -5.92565e-05 -4.75981e-05 
-5.7422e-05 -9.51132e-05 -0.000138269 -0.000187351 -0.000238323 -0.000271402 -0.000273477 -0.00023984 -0.000210147 -0.00020106 -0.000192148 -0.000185068 -0.000171913 -0.000152583 -0.000125868 -0.000115348 -0.000104783 -9.3768e-05 -8.54563e-05 -7.87902e-05 -7.47059e-05 -6.65743e-05 -5.32267e-05 -4.01225e-05 
-6.39225e-05 -0.00011 -0.000154036 -0.000194838 -0.000244645 -0.000274281 -0.000238153 -0.000204619 -0.000189143 -0.000180417 -0.000179291 -0.000174978 -0.000168549 -0.000152413 -0.000134126 -0.000115887 -9.96042e-05 -8.88818e-05 -8.46058e-05 -7.97707e-05 -6.43859e-05 -5.22357e-05 -3.80316e-05 -2.25877e-05 
-9.0378e-05 -0.000134805 -0.000175329 -0.000216933 -0.000263011 -0.000265641 -0.000219892 -0.000192613 -0.000181228 -0.000172655 -0.000167576 -0.000162624 -0.000156533 -0.000144854 -0.000122231 -0.000105187 -8.64917e-05 -8.1626e-05 -7.96551e-05 -6.04288e-05 -3.71584e-05 -1.66029e-05 -3.02474e-06 7.97423e-06 
-0.000123736 -0.000169712 -0.000215701 -0.000250097 -0.000276975 -0.000236551 -0.000205985 -0.000187533 -0.000177778 -0.00017153 -0.000166808 -0.000158527 -0.000150934 -0.00013973 -0.000116822 -0.000100002 -8.05626e-05 -7.78872e-05 -6.75901e-05 -4.54577e-05 -1.48021e-05 2.55667e-07 -1.14396e-06 9.60439e-07 
-0.000152499 -0.000199271 -0.000242076 -0.000257466 -0.000242604 -0.000219888 -0.000197543 -0.000183528 -0.000177351 -0.000174087 -0.000170097 -0.000159062 -0.000144429 -0.000129755 -0.000115317 -9.97848e-05 -8.30212e-05 -7.47713e-05 -6.24436e-05 -3.6413e-05 -1.59426e-05 -9.35209e-06 -1.17552e-05 -1.68267e-05 
-0.000152784 -0.00019225 -0.000223766 -0.000226039 -0.000213435 -0.000197574 -0.000183854 -0.000177578 -0.000171474 -0.000166844 -0.000161258 -0.000150043 -0.000134825 -0.000121864 -0.000110071 -9.60756e-05 -8.32551e-05 -7.33683e-05 -6.09218e-05 -4.18849e-05 -4.0479e-05 -5.11175e-05 -5.42118e-05 -4.5036e-05 
-0.000130179 -0.000165643 -0.000188132 -0.000189233 -0.000185169 -0.00017628 -0.000172568 -0.000168571 -0.000160282 -0.000153184 -0.000146965 -0.000138456 -0.000127482 -0.000117874 -0.000104784 -9.1156e-05 -7.90465e-05 -7.66822e-05 -7.10474e-05 -5.89905e-05 -6.7745e-05 -7.28331e-05 -7.06273e-05 -7.18688e-05 
-0.000100644 -0.000123197 -0.000145581 -0.000157133 -0.000160824 -0.000162233 -0.000166063 -0.000165921 -0.000156627 -0.000147579 -0.000140625 -0.000132949 -0.000122609 -0.000115397 -0.000103487 -9.22789e-05 -8.57103e-05 -8.65363e-05 -7.46606e-05 -7.18689e-05 -7.0066e-05 -7.55816e-05 -8.50184e-05 -7.94245e-05 
-7.42813e-05 -9.78692e-05 -0.000120924 -0.000135835 -0.000142365 -0.000148032 -0.000154734 -0.000156418 -0.000148943 -0.000140829 -0.000131093 -0.000124387 -0.000117336 -0.000108523 -9.99326e-05 -9.20527e-05 -8.81635e-05 -6.91402e-05 -5.26524e-05 -4.23092e-05 -5.54389e-05 -7.80045e-05 -8.17625e-05 -7.08173e-05 
-6.51896e-05 -8.61701e-05 -0.00010659 -0.000122119 -0.000134184 -0.000145049 -0.000152595 -0.000154764 -0.000148663 -0.00013962 -0.000129255 -0.000120504 -0.00011436 -0.000107062 -9.88023e-05 -8.94929e-05 -7.56812e-05 -4.93922e-05 -2.90713e-05 -2.8931e-05 -3.60113e-05 -4.02559e-05 -3.75797e-05 -3.43476e-05 
-6.8244e-05 -8.847e-05 -0.00010962 -0.000129007 -0.000138072 -0.000142139 -0.000143673 -0.000143594 -0.000136222 -0.000126798 -0.000119756 -0.000112758 -0.000107994 -0.00010382 -9.85738e-05 -8.67443e-05 -6.77579e-05 -3.35029e-05 -2.77125e-05 -2.81341e-05 -3.7085e-05 -4.2015e-05 -3.33181e-05 -2.66917e-05 
-4.12379e-05 -6.67264e-05 -8.87105e-05 -0.000101628 -0.000107546 -0.000111192 -0.000111454 -0.000110015 -0.000104302 -9.5468e-05 -8.80582e-05 -8.37586e-05 -8.17467e-05 -7.84353e-05 -7.20441e-05 -6.40505e-05 -4.76948e-05 -3.3476e-05 -2.76094e-05 -2.69302e-05 -2.96922e-05 -3.35276e-05 -3.141e-05 -2.81896e-05 
-4.20377e-05 -6.15405e-05 -7.76587e-05 -8.47889e-05 -8.82653e-05 -9.2664e-05 -9.52543e-05 -9.21885e-05 -8.57047e-05 -8.64971e-05 -8.83905e-05 -8.59391e-05 -8.41552e-05 -8.01933e-05 -7.39869e-05 -6.60854e-05 -5.22733e-05 -3.61684e-05 -2.97667e-05 -3.58607e-05 -3.98411e-05 -4.00521e-05 -3.29499e-05 -2.64967e-05 
-3.82369e-05 -5.50748e-05 -6.19263e-05 -6.8538e-05 -7.42782e-05 -8.10938e-05 -8.81112e-05 -9.01522e-05 -9.0456e-05 -9.73743e-05 -0.00010893 -0.000112843 -0.000108384 -0.000101764 -9.0815e-05 -7.61246e-05 -5.21939e-05 -4.13969e-05 -5.37211e-05 -5.87206e-05 -5.23287e-05 -4.47886e-05 -3.88321e-05 -2.95039e-05 
-6.47741e-05 -8.18264e-05 -9.36578e-05 -0.00010629 -0.000110104 -0.000109662 -0.000111461 -0.0001159 -0.000121722 -0.000131986 -0.000140013 -0.000136519 -0.000129358 -0.000123671 -0.000117692 -9.85782e-05 -7.89464e-05 -7.96898e-05 -8.12583e-05 -7.97373e-05 -6.76538e-05 -5.52037e-05 -4.39117e-05 -3.22838e-05 
-6.65417e-05 -7.86035e-05 -9.25677e-05 -0.000108897 -0.000125452 -0.000132998 -0.000139397 -0.000144023 -0.000143275 -0.00014108 -0.0001339 -0.000120113 -0.000110768 -0.000105713 -0.000105991 -0.000107933 -0.000116932 -0.000105577 -9.95976e-05 -9.23074e-05 -7.25579e-05 -5.02438e-05 -3.54839e-05 -2.53396e-05 
