0.000161493 0.00018579 0.000194825 0.000190589 0.0002107 0.000244724 0.000280304 0.000280415 0.000296912 0.000340176 0.000384524 0.000397828 0.000378774 0.000333796 0.000280097 0.000222313 0.000157853 0.000107023 6.99279e-05 5.20783e-05 4.94551e-05 4.6564e-05 4.16258e-05 3.52018e-05 
0.00019593 0.000222069 0.000221388 0.000207119 0.000258293 0.000343731 0.000376818 0.000447768 0.000537919 0.000648405 0.000731637 0.000755607 0.000720335 0.00066689 0.000571549 0.000461823 0.000326081 0.000202766 0.000145456 0.000124349 0.000109621 0.00010447 9.75847e-05 8.60855e-05 
0.000168967 0.000187175 0.000198551 0.000183402 0.000191605 0.000294124 0.00042534 0.000546821 0.000675279 0.00086435 0.00104423 0.00114019 0.00110973 0.00102285 0.000863619 0.000690472 0.000510448 0.000351948 0.000211537 0.00017167 0.000163123 0.000138425 0.000128315 0.000112722 
0.000204127 0.000232415 0.000246949 0.000236128 0.000269446 0.000366908 0.000540409 0.000755785 0.000984829 0.00118633 0.0014014 0.00156365 0.00155461 0.00139371 0.00117577 0.00099067 0.000793221 0.000552595 0.000372117 0.000323076 0.000357485 0.00032755 0.000291607 0.000267704 
0.000232276 0.000262348 0.000287565 0.000341807 0.000410711 0.00051222 0.00069525 0.000931791 0.00114997 0.00132154 0.0014694 0.0015469 0.00152302 0.00143488 0.0012873 0.00115355 0.00102833 0.000792425 0.00060986 0.00051796 0.000493778 0.000465352 0.000381986 0.000304204 
0.000224175 0.000255477 0.00030274 0.000396496 0.00049781 0.000607245 0.000786316 0.000979298 0.00116786 0.00131889 0.00145024 0.00159317 0.00162825 0.00154339 0.0013584 0.00119623 0.00119006 0.00100904 0.00082938 0.000778379 0.00073864 0.00071026 0.00059662 0.000458464 
0.000205782 0.000243714 0.000307671 0.000408978 0.000544111 0.00069955 0.000956901 0.00120418 0.00146248 0.00159666 0.00167939 0.00172775 0.00165983 0.00160656 0.00152152 0.00140775 0.00130261 0.00127574 0.00114002 0.00106627 0.00103533 0.00101167 0.000860606 0.000643446 
0.000129958 0.000160557 0.000210169 0.000313549 0.000447498 0.000693483 0.000962038 0.00122134 0.00147402 0.00158419 0.00159074 0.00157764 0.00149866 0.00146552 0.0014424 0.0014282 0.00137661 0.00139732 0.00138935 0.00141199 0.00135695 0.00123611 0.00109164 0.000887493 
0.000130136 0.000165649 0.00020625 0.000313086 0.000563507 0.000853864 0.00108568 0.00128079 0.00146417 0.00157915 0.00160406 0.00151895 0.00143861 0.00141973 0.00139889 0.00147038 0.00142281 0.00143206 0.00149295 0.00150229 0.00142387 0.00126068 0.00103503 0.000821601 
0.000104573 0.000132912 0.00016697 0.000315859 0.000590137 0.000833796 0.00106419 0.00131183 0.00158953 0.00173531 0.00177108 0.00172256 0.00163721 0.00156778 0.00157948 0.00167603 0.00162383 0.00155909 0.00160461 0.00161322 0.00158904 0.00144329 0.00121482 0.000932748 
0.000116436 0.000150755 0.000193185 0.000280165 0.000425714 0.000614901 0.000893604 0.00116356 0.00144665 0.00171485 0.00183869 0.00185998 0.00181436 0.00175184 0.00170787 0.0017537 0.00171406 0.00163426 0.00162259 0.00162657 0.0015504 0.00144268 0.00123717 0.000973936 
0.000100146 0.000132391 0.000163802 0.000207584 0.000347767 0.000587577 0.000824779 0.00106583 0.00132871 0.0016061 0.00175846 0.00181707 0.00178271 0.00176817 0.00180075 0.00174941 0.00163824 0.00153206 0.00146515 0.00140164 0.00135087 0.00121856 0.00103254 0.000804294 
0.000110848 0.000140141 0.000203355 0.000315569 0.0005116 0.000732428 0.000942909 0.00114661 0.00142673 0.0016586 0.0017674 0.00177196 0.00175718 0.00172479 0.00171416 0.00160625 0.00144751 0.00138828 0.00137377 0.0013353 0.00128315 0.00116563 0.000988982 0.000778127 
0.000123017 0.000213517 0.000365611 0.000451321 0.000546361 0.000779506 0.00100785 0.00121205 0.00141007 0.00151626 0.00154062 0.00159158 0.00151632 0.00141511 0.00135949 0.00125591 0.00119364 0.00120371 0.00124246 0.00126084 0.00123332 0.00112384 0.000958998 0.000786976 
0.000145952 0.000261475 0.0003228 0.000417445 0.000638197 0.000933691 0.00119871 0.00136378 0.00141691 0.00140807 0.00141693 0.00136071 0.00124569 0.00117795 0.00118066 0.00118058 0.0012027 0.00121923 0.00121162 0.00119134 0.00113567 0.0010207 0.000855905 0.000679188 
0.000165572 0.000258996 0.000359983 0.000566555 0.000849954 0.00116137 0.00136389 0.00143089 0.0013917 0.00137096 0.0013165 0.00120637 0.00110462 0.00106648 0.00106661 0.00108137 0.00106837 0.00103544 0.000989026 0.000943013 0.000891316 0.000793242 0.000657097 0.000518945 
0.000140562 0.000302133 0.000556593 0.000851969 0.00114506 0.00140031 0.00149756 0.00146639 0.00141977 0.00135159 0.00129019 0.00123368 0.00115553 0.00111698 0.00111648 0.00111638 0.00109123 0.001051 0.00100113 0.000932971 0.000847185 0.000726253 0.000573476 0.000434571 
0.000198713 0.000481941 0.000816238 0.00109402 0.00139252 0.00156637 0.00159048 0.00155418 0.00146848 0.00140053 0.00130145 0.00118719 0.00108481 0.00102726 0.00102964 0.000989578 0.000919237 0.000860698 0.000826034 0.000779154 0.000699346 0.000594893 0.000483902 0.000388326 
0.000330942 0.00071323 0.00101983 0.00132193 0.00155011 0.00161102 0.00164743 0.00157089 0.00149593 0.00136043 0.00119813 0.000990913 0.000870667 0.000807249 0.00079236 0.000766043 0.000717404 0.00070477 0.00071407 0.000704737 0.000658284 0.000569881 0.000460909 0.000363579 
0.000539479 0.000902905 0.00120794 0.00143239 0.001543 0.00164367 0.00163186 0.00152961 0.00141828 0.00126399 0.00100128 0.000837331 0.000765726 0.000710034 0.000746502 0.000813778 0.000879864 0.000897952 0.000892694 0.000865597 0.000804551 0.000706304 0.000582092 0.000466595 
0.000672665 0.000988262 0.00123999 0.00140813 0.0015952 0.0015843 0.00145165 0.00134398 0.00124251 0.00107185 0.000904274 0.000810395 0.000814059 0.000800751 0.00080587 0.000813107 0.000819875 0.000812874 0.00077706 0.000739508 0.000677326 0.000589369 0.000485024 0.000386343 
0.000765109 0.00100988 0.00122345 0.00141735 0.00144488 0.00138772 0.00128329 0.00121194 0.00108076 0.000933349 0.00085578 0.000922031 0.000866333 0.000801947 0.000813485 0.000846005 0.000855043 0.000827415 0.000794011 0.000752551 0.000706233 0.000638668 0.000543592 0.000437974 
0.000843102 0.00106353 0.00127835 0.00136159 0.001367 0.00140359 0.00138379 0.00118852 0.000981509 0.00087664 0.000897714 0.000857124 0.000766599 0.000728876 0.000716333 0.000726072 0.000730489 0.000737907 0.000749534 0.00074353 0.000713955 0.000639874 0.000527224 0.00040779 
0.000858633 0.00107688 0.0012096 0.00131287 0.00140661 0.00141972 0.00130623 0.00109181 0.000945421 0.00087241 0.000833092 0.000773399 0.000702237 0.000646487 0.000614835 0.00060006 0.000616385 0.00064578 0.000657324 0.000617137 0.000565788 0.000486808 0.000394153 0.000291528 
0.000902982 0.00104862 0.00117915 0.00126739 0.00132187 0.00127422 0.00112596 0.000955419 0.000836506 0.000763565 0.000727621 0.000680668 0.000646043 0.000617269 0.000593988 0.000608111 0.000598047 0.000575392 0.000537364 0.000443258 0.000315181 0.000203031 0.000132978 7.54427e-05 
0.000820002 0.000962832 0.00108274 0.00112751 0.00118003 0.00113063 0.00100487 0.000855713 0.000745953 0.000704293 0.000693723 0.000662284 0.000627674 0.000608626 0.000612746 0.000602777 0.000551849 0.000501442 0.000411251 0.000250177 0.000125195 0.000125921 0.000130756 0.000131011 
0.000695419 0.000858435 0.000955252 0.0010507 0.00108417 0.00106015 0.00092705 0.000799524 0.000734775 0.000710215 0.000680222 0.000630179 0.000587495 0.000581252 0.000570996 0.000511075 0.0004522 0.000391952 0.000250631 0.000132781 0.000193104 0.000239815 0.000222769 0.000185541 
0.000623346 0.00075551 0.000886355 0.000963793 0.00101982 0.000957151 0.000854217 0.000768264 0.000729717 0.000700471 0.000660848 0.000609263 0.00056434 0.000545549 0.000527199 0.000458218 0.00038341 0.000279244 0.000146324 0.000182637 0.000283014 0.000319511 0.000265612 0.000182098 
0.000587731 0.000694703 0.000793307 0.000894285 0.000910414 0.000874186 0.000824409 0.000775404 0.000748129 0.0007267 0.00069022 0.000628617 0.000552148 0.000514696 0.000486708 0.000413928 0.000307372 0.000199424 0.000151094 0.000268215 0.000390377 0.000392356 0.000327138 0.000309886 
0.000578727 0.000679494 0.000784087 0.000847318 0.000824647 0.000796451 0.000779031 0.000763431 0.000748598 0.000736613 0.000707499 0.000645638 0.000570406 0.000514998 0.000470402 0.000382906 0.000248308 0.000177568 0.000187725 0.000351376 0.000453541 0.000463058 0.000446607 0.000494871 
0.000583516 0.000702068 0.000791812 0.000798477 0.000734684 0.000712415 0.000697142 0.000693527 0.000698213 0.000704721 0.000684705 0.000635085 0.000587513 0.00053599 0.000473012 0.000365771 0.000228572 0.000178981 0.000246347 0.000391045 0.000452546 0.000465493 0.000474486 0.000449253 
0.000563683 0.00064772 0.000698913 0.00069538 0.00064696 0.000625587 0.000621909 0.000626075 0.000634342 0.000642382 0.000638303 0.000614178 0.000578687 0.000538239 0.000471638 0.000357731 0.00022286 0.000168794 0.000255784 0.000379539 0.000406447 0.000384339 0.000409477 0.000355078 
0.000443047 0.000534175 0.000588495 0.00059682 0.000577819 0.000557325 0.000551158 0.00055512 0.000540958 0.00053149 0.000526083 0.000526712 0.000517188 0.000482724 0.000396915 0.000306113 0.000202532 0.000128895 0.000253329 0.000334889 0.000290474 0.000373152 0.000438375 0.000397256 
0.00034374 0.000421759 0.000474771 0.000493679 0.000462883 0.000435278 0.00041853 0.00040287 0.000382792 0.000365096 0.000361183 0.000361274 0.000357392 0.000333805 0.000274529 0.00022096 0.000190876 0.000231271 0.000327883 0.000318099 0.000368011 0.000441516 0.000470515 0.000421491 
0.000199049 0.000277834 0.000334869 0.000333132 0.000303143 0.000270181 0.000259866 0.000238982 0.000206679 0.000192269 0.000205867 0.000230358 0.000251241 0.000242162 0.000201207 0.000178964 0.000203169 0.000334611 0.000341141 0.000385114 0.000410959 0.000446477 0.000443043 0.000385373 
0.00014538 0.000195126 0.000230664 0.000240281 0.000239809 0.000241994 0.000243311 0.000233795 0.000212997 0.000196785 0.000193456 0.0002107 0.000219131 0.000214462 0.000189343 0.000187591 0.000318442 0.00034181 0.000381223 0.000395349 0.000367192 0.000374605 0.000339966 0.000268343 
0.00021362 0.000252643 0.00027181 0.000287168 0.000277568 0.000282093 0.000305832 0.000319511 0.000311155 0.000314355 0.000299124 0.000324978 0.000336318 0.000338792 0.000300727 0.000298969 0.000335923 0.000319335 0.000358252 0.000347434 0.000322047 0.000286289 0.000255506 0.00020636 
0.000238296 0.000269432 0.00031228 0.000389428 0.000441816 0.00045708 0.000464942 0.000465245 0.000470452 0.00043951 0.000361247 0.000309961 0.000296874 0.000287474 0.000280051 0.000315643 0.000304719 0.000311492 0.000359682 0.000381149 0.000331611 0.000278007 0.00023234 0.000173564 
0.000222178 0.000248446 0.000290084 0.000352795 0.000391434 0.000419387 0.000430898 0.000434845 0.000451544 0.000460688 0.000415637 0.000342296 0.000328673 0.000306476 0.000299418 0.000297846 0.000252647 0.000304042 0.000307564 0.000303407 0.000265116 0.000211936 0.000147938 0.000111109 
0.000112378 0.000131052 0.000163868 0.000182354 0.000234196 0.000286135 0.000309173 0.000323872 0.000332732 0.000326717 0.000340254 0.000351833 0.000341495 0.000317442 0.000252228 0.000168238 0.000158825 0.000207109 0.000201917 0.000185459 0.000168363 0.000152429 0.000123326 9.04323e-05 
