-8.43948e-05 -9.57378e-05 -9.96583e-05 -9.58894e-05 -8.94349e-05 -9.74861e-05 -0.000108087 -0.0001249 -0.000141539 -0.000162191 -0.0001851 -0.000192726 -0.000191149 -0.000176128 -0.000157477 -0.000132755 -0.0001049 -7.24905e-05 -4.6878e-05 -3.14761e-05 -2.83926e-05 -2.66204e-05 -2.34126e-05 -1.98327e-05 
-0.000107535 -0.000123748 -0.000129778 -0.00012511 -0.000131421 -0.000150204 -0.000140002 -0.000128095 -0.000129855 -0.000142307 -0.000137023 -0.000122889 -0.000119519 -0.000123056 -0.00011919 -0.000120099 -0.000123958 -0.000114747 -0.000101159 -7.65192e-05 -5.76213e-05 -4.90377e-05 -4.26747e-05 -3.83609e-05 
-0.00010517 -0.000118308 -0.000127914 -0.000142824 -0.000156259 -0.000171434 -0.000183107 -0.000193319 -0.00019964 -0.00022512 -0.000254929 -0.000237904 -0.000200709 -0.000179034 -0.000158679 -0.0001459 -0.000126197 -0.000119354 -0.000122906 -0.000136362 -0.00012205 -0.000105447 -9.03646e-05 -8.28683e-05 
-9.36592e-05 -0.000107831 -0.000127405 -0.000146457 -0.00016094 -0.000181539 -0.000219167 -0.00025406 -0.000280459 -0.000303554 -0.000307624 -0.000278871 -0.000247756 -0.000215743 -0.00018844 -0.000182205 -0.000165695 -0.000140579 -0.000141058 -0.000142146 -0.000130773 -0.000101282 -8.5794e-05 -7.10572e-05 
-0.00010166 -0.000115739 -0.00013016 -0.000146239 -0.000173293 -0.000209546 -0.000241623 -0.000268559 -0.000292486 -0.000319259 -0.000314113 -0.000270159 -0.000212669 -0.000183576 -0.000172173 -0.000181997 -0.000183214 -0.000183249 -0.000178207 -0.00018643 -0.000185002 -0.00015602 -0.000127803 -0.000111649 
-9.64532e-05 -0.000109679 -0.000125732 -0.00014956 -0.000186571 -0.000222991 -0.000249378 -0.000270214 -0.000288603 -0.000304095 -0.000299053 -0.000267507 -0.000232158 -0.000206999 -0.000176292 -0.00017069 -0.000207364 -0.000229489 -0.000224184 -0.000243918 -0.000251484 -0.000249334 -0.000202851 -0.000163075 
-9.2402e-05 -0.000108764 -0.000128764 -0.000164711 -0.000208294 -0.000248892 -0.000271009 -0.000300663 -0.000345279 -0.000374151 -0.000371865 -0.000341214 -0.000293602 -0.000285973 -0.000254373 -0.000223471 -0.000228598 -0.00024915 -0.000247444 -0.000258384 -0.000287473 -0.000285103 -0.000249979 -0.000209036 
-6.59359e-05 -8.03499e-05 -9.2629e-05 -0.000121509 -0.000170553 -0.000218882 -0.000251306 -0.000294547 -0.000324724 -0.00034065 -0.000329213 -0.00029832 -0.000262895 -0.000260387 -0.000253873 -0.000241675 -0.000226872 -0.000241617 -0.000236 -0.00023907 -0.000245146 -0.000258857 -0.000248531 -0.000212289 
-6.10549e-05 -7.58218e-05 -8.4502e-05 -9.81603e-05 -0.000143257 -0.00019407 -0.000222715 -0.00024495 -0.000303828 -0.000297189 -0.000296626 -0.000298817 -0.000280843 -0.000269768 -0.000258002 -0.000239902 -0.000210176 -0.000208694 -0.000218865 -0.000245266 -0.000238971 -0.000212635 -0.000176098 -0.000144364 
-5.05075e-05 -5.9326e-05 -7.14462e-05 -9.54314e-05 -0.00014163 -0.000194284 -0.000224833 -0.000257784 -0.000300955 -0.00029942 -0.000304433 -0.000306981 -0.00027674 -0.000254994 -0.000248373 -0.000213133 -0.000191776 -0.000163261 -0.00016867 -0.00018206 -0.000209604 -0.000212417 -0.000187225 -0.000145731 
-4.41479e-05 -5.3981e-05 -6.03906e-05 -7.41325e-05 -0.000106971 -0.000152631 -0.000193989 -0.000242286 -0.000292174 -0.000306605 -0.000306315 -0.00030558 -0.000272579 -0.000246787 -0.000227962 -0.000188201 -0.00014606 -0.000115703 -9.83615e-05 -9.01932e-05 -8.62e-05 -9.66654e-05 -9.42677e-05 -8.79879e-05 
-4.43335e-05 -5.40881e-05 -6.0025e-05 -6.4874e-05 -8.35613e-05 -0.000123063 -0.00017405 -0.000223992 -0.000255126 -0.000270308 -0.000277656 -0.000268039 -0.000226532 -0.000196123 -0.000170946 -0.000139934 -9.54122e-05 -6.33346e-05 -4.82714e-05 -4.77103e-05 -3.99887e-05 -2.41095e-05 -1.79645e-05 -1.26369e-05 
-4.35768e-05 -5.60538e-05 -7.81089e-05 -0.000115425 -0.000150207 -0.000180039 -0.000185928 -0.000209164 -0.000232176 -0.000228975 -0.000217158 -0.000182233 -0.000135339 -0.00010749 -0.000101013 -8.79498e-05 -6.3632e-05 -3.65972e-05 -6.57845e-06 8.08578e-06 3.54448e-06 -4.84447e-06 9.30289e-08 8.30282e-06 
-3.85552e-05 -6.76422e-05 -0.000119032 -0.000163287 -0.000173747 -0.00018648 -0.000220583 -0.000248448 -0.000259917 -0.000222008 -0.00016171 -0.0001042 -6.19992e-05 -4.18428e-05 -1.85895e-05 -2.20118e-06 1.14835e-05 1.89699e-05 3.35886e-05 4.87239e-05 5.81077e-05 5.99584e-05 4.94732e-05 3.60304e-05 
-5.11513e-05 -9.33902e-05 -0.000139361 -0.000173324 -0.000191741 -0.00021637 -0.000244156 -0.000246418 -0.000220276 -0.000167278 -9.15266e-05 -2.41544e-05 7.94292e-07 2.66043e-05 3.37862e-05 3.45562e-05 3.54367e-05 4.17773e-05 4.77405e-05 5.53298e-05 6.10185e-05 5.93245e-05 5.44695e-05 4.87798e-05 
-6.7772e-05 -0.000102564 -0.000131166 -0.000173116 -0.000197555 -0.000229938 -0.000230757 -0.000199021 -0.000143229 -9.07854e-05 -3.70603e-06 3.20904e-05 5.30348e-05 6.66744e-05 7.59327e-05 7.66207e-05 7.29564e-05 7.54172e-05 8.86691e-05 0.000100611 0.000105413 0.000100857 8.90202e-05 7.42814e-05 
-6.93027e-05 -0.000104087 -0.000161533 -0.000207876 -0.000230682 -0.000230156 -0.000197883 -0.000149907 -9.02866e-05 3.71773e-06 5.99157e-05 0.000106172 0.000137568 0.000144111 0.00014263 0.000137684 0.000133272 0.00012951 0.000127166 0.000135381 0.000144032 0.000140949 0.000122917 9.9467e-05 
-9.71096e-05 -0.000162028 -0.000213784 -0.000241518 -0.000262507 -0.00024081 -0.000198589 -0.000138593 -3.54387e-05 5.0638e-05 0.00010958 0.000142349 0.000157017 0.000174314 0.000173822 0.000177697 0.000182632 0.000183632 0.00017346 0.000161276 0.000157391 0.000154423 0.000132158 0.000103498 
-0.00012721 -0.000205687 -0.000256723 -0.000300298 -0.000312311 -0.000274158 -0.000203514 -0.000107439 -2.73659e-06 7.17984e-05 0.000134997 0.00017565 0.000191608 0.000192829 0.000184459 0.000172881 0.0001628 0.000146208 0.000126237 0.000106641 9.21902e-05 7.89655e-05 6.03677e-05 4.00915e-05 
-0.000172337 -0.000229011 -0.000280945 -0.000315357 -0.00029423 -0.000234667 -0.000146425 -5.40326e-05 1.14834e-05 0.000104493 0.00019336 0.000221698 0.00020588 0.000185452 0.000149998 0.000103577 5.64778e-05 2.5623e-05 4.28639e-06 -2.84568e-06 -2.48773e-06 -6.76769e-06 -8.32705e-06 -6.58136e-06 
-0.00017096 -0.000219511 -0.000257744 -0.000263525 -0.000229755 -0.000165993 -8.86273e-05 -3.02863e-05 5.65311e-05 0.000173868 0.000210065 0.000200434 0.000175276 0.000153844 0.000147466 0.000140824 0.000119323 8.35289e-05 5.7018e-05 4.53053e-05 4.32286e-05 3.85372e-05 2.62125e-05 1.57772e-05 
-0.000159739 -0.000202668 -0.000232136 -0.00022549 -0.000169341 -0.000104176 -4.39866e-05 4.2282e-05 0.000155058 0.000198292 0.00017754 0.000139874 0.000146001 0.00013999 0.000122126 0.000101154 8.2657e-05 6.08724e-05 4.57299e-05 3.91893e-05 3.4582e-05 3.27989e-05 2.49318e-05 1.52263e-05 
-0.000182266 -0.000203016 -0.000220186 -0.000197993 -0.000128602 -9.12073e-05 7.60441e-06 0.000115224 0.00017535 0.000153966 0.000138876 0.000147594 0.000153914 0.000135839 0.000105778 8.02205e-05 6.4009e-05 3.80673e-05 1.01747e-05 -1.8063e-05 -3.25956e-05 -3.28309e-05 -2.98087e-05 -2.59242e-05 
-0.000174557 -0.000182689 -0.000168894 -0.000130717 -9.26937e-05 -3.43319e-05 4.22602e-05 0.000112347 0.000116533 0.000140811 0.000142728 0.000154419 0.00015692 0.000144192 0.000102964 7.57209e-05 5.71072e-05 2.84674e-05 -1.2928e-05 -3.93628e-05 -4.84127e-05 -4.41301e-05 -3.86487e-05 -3.14107e-05 
-0.000131331 -0.000112858 -9.24556e-05 -6.23691e-05 -2.70555e-05 2.34995e-05 9.87634e-05 0.000111556 0.000158369 0.00017261 0.00016425 0.000163844 0.00015422 0.000129043 9.40053e-05 4.99057e-05 1.63341e-05 -1.45835e-05 -5.1494e-05 -6.58139e-05 -6.57015e-05 -5.77108e-05 -4.52306e-05 -3.08526e-05 
-7.01978e-05 -5.29508e-05 -3.20352e-05 1.48632e-05 5.58261e-05 9.43056e-05 0.000110142 0.000148775 0.000161864 0.000155331 0.000143356 0.000132944 0.000115968 9.29155e-05 6.67932e-05 2.3122e-05 -4.49914e-06 -4.21521e-05 -6.64829e-05 -7.67086e-05 -7.58568e-05 -6.20478e-05 -5.66555e-05 -5.45323e-05 
-3.26806e-05 -2.05936e-05 9.56305e-06 5.55196e-05 9.95061e-05 0.000108332 0.00013594 0.000158575 0.000153968 0.000137339 0.000127608 0.000121874 0.0001097 8.48311e-05 4.51228e-05 1.12891e-05 -2.02433e-05 -4.73881e-05 -6.34261e-05 -6.55126e-05 -7.11498e-05 -8.30566e-05 -9.06733e-05 -8.47675e-05 
-1.11323e-05 1.45671e-06 3.60635e-05 7.33288e-05 9.31604e-05 0.000120077 0.000136065 0.000144563 0.000136077 0.000129264 0.000126529 0.000122824 0.000115587 9.40798e-05 5.00864e-05 3.89563e-06 -3.09446e-05 -5.91943e-05 -5.87987e-05 -6.432e-05 -0.000103067 -0.000119228 -0.000100487 -8.03403e-05 
6.72706e-06 4.21044e-05 5.52592e-05 6.65736e-05 0.000100208 0.000112564 0.000119021 0.000111231 0.000105663 0.000105311 0.000109655 0.000116171 0.000119213 9.87647e-05 5.93707e-05 1.37865e-05 -2.29249e-05 -5.21431e-05 -5.24858e-05 -6.77806e-05 -0.000105218 -0.000121354 -0.000131788 -0.000144843 
2.28829e-05 2.86519e-05 5.08303e-05 7.48756e-05 0.000101351 0.000106674 9.45835e-05 8.52051e-05 8.34252e-05 8.53762e-05 8.96604e-05 9.70369e-05 9.83254e-05 8.45794e-05 5.5238e-05 1.51792e-05 -1.34404e-05 -2.81097e-05 -1.42387e-05 -2.32742e-05 -6.4045e-05 -0.000136582 -0.000182768 -0.000185971 
3.04175e-05 5.19306e-05 7.74398e-05 0.00010416 0.000116429 0.000113061 9.9817e-05 9.36098e-05 8.9278e-05 8.51628e-05 8.59266e-05 8.47394e-05 8.16172e-05 7.13268e-05 5.00055e-05 2.10884e-05 8.86803e-06 1.30665e-05 1.4519e-05 -3.18793e-06 -5.93628e-05 -0.000119701 -0.000140159 -0.000136758 
5.16574e-05 8.02368e-05 0.000104001 0.000115052 0.000127541 0.00012528 0.000117183 0.000110837 0.000104039 9.78554e-05 8.91517e-05 8.25577e-05 7.56301e-05 6.56676e-05 5.32967e-05 3.65069e-05 3.223e-05 3.94784e-05 2.81158e-05 -8.2626e-06 -4.17732e-05 -9.56359e-05 -0.000111308 -9.73113e-05 
5.49266e-05 8.15805e-05 0.000101292 0.000112807 0.000119058 0.000120762 0.000122987 0.000119363 0.000113826 0.000107716 9.71719e-05 8.58232e-05 7.50552e-05 6.44264e-05 5.47206e-05 4.59038e-05 4.10229e-05 4.00847e-05 -6.54073e-06 -5.72198e-05 -7.61619e-05 -0.000108821 -0.000130259 -0.000126876 
5.10129e-05 6.71816e-05 8.72507e-05 9.65647e-05 0.000106051 0.000114553 0.000121512 0.000127305 0.000124307 0.000113511 9.54339e-05 7.99996e-05 7.11144e-05 5.95226e-05 4.66117e-05 3.69644e-05 2.89728e-05 -3.55114e-06 -5.99604e-05 -8.19361e-05 -9.51246e-05 -9.22182e-05 -0.000110141 -0.000112721 
2.04567e-05 3.33228e-05 5.73732e-05 7.02984e-05 7.50544e-05 8.06628e-05 8.94163e-05 9.70227e-05 9.53283e-05 8.24898e-05 6.86994e-05 5.55084e-05 4.85346e-05 4.25059e-05 3.72842e-05 3.62534e-05 1.58764e-05 -4.97993e-05 -6.99431e-05 -7.81908e-05 -0.000101807 -0.00013263 -0.000141681 -0.000123203 
4.4985e-06 1.63664e-05 2.95708e-05 2.63337e-05 2.91474e-05 3.48939e-05 4.32931e-05 4.98562e-05 4.82751e-05 4.59924e-05 4.99025e-05 4.47329e-05 3.44098e-05 2.69598e-05 2.09085e-05 1.51353e-05 -2.7277e-05 -5.38112e-05 -6.3948e-05 -8.74375e-05 -0.000120125 -0.000147166 -0.00014926 -0.000125049 
-1.92484e-05 -5.84676e-06 -3.67154e-06 -6.4069e-06 -6.06521e-06 -1.33997e-06 1.65972e-06 3.76452e-06 4.46067e-06 9.92432e-06 2.78529e-05 1.58731e-05 3.68645e-07 -8.08897e-06 -1.27756e-05 -3.54404e-05 -6.51498e-05 -6.02276e-05 -7.61527e-05 -9.82385e-05 -0.000120052 -0.000127356 -0.000120457 -9.68273e-05 
1.93232e-05 2.92415e-05 3.46876e-05 2.22862e-05 1.7e-06 -1.01202e-05 -1.07713e-05 -5.45431e-06 -2.12727e-06 1.42887e-05 3.4733e-05 3.52662e-05 2.73501e-05 2.36244e-05 1.61718e-05 -1.16289e-05 -2.87288e-05 -5.12953e-05 -5.92648e-05 -7.12032e-05 -7.95037e-05 -8.88311e-05 -8.22082e-05 -6.96491e-05 
1.61556e-05 4.14783e-05 4.88737e-05 2.84338e-05 -4.37276e-06 -2.88595e-05 -3.1432e-05 -2.20735e-05 -1.53337e-05 1.44602e-05 5.52569e-05 6.80208e-05 6.53884e-05 6.31726e-05 5.41437e-05 1.79825e-05 1.00516e-06 -2.47748e-05 -4.9517e-05 -6.28277e-05 -7.49864e-05 -8.54009e-05 -7.49732e-05 -6.21412e-05 
2.48887e-05 5.27679e-05 5.48782e-05 4.06708e-05 1.54096e-05 -1.08918e-05 -1.99821e-05 -1.82783e-05 -1.4416e-05 1.34846e-05 5.86822e-05 7.88195e-05 8.28861e-05 8.1213e-05 6.52213e-05 4.83638e-05 1.22107e-05 -3.03844e-05 -4.17977e-05 -4.88802e-05 -5.79362e-05 -6.23619e-05 -4.95307e-05 -3.35135e-05 
