-1.16374e-05 -9.83083e-06 -4.23469e-06 1.36453e-05 4.95871e-05 6.29245e-05 8.06164e-05 0.000120856 0.000170053 0.000194632 0.000196307 0.000184628 0.000160551 0.000141732 0.00012666 0.000101087 6.44714e-05 3.67236e-05 2.57137e-05 2.25388e-05 1.7471e-05 1.37099e-05 1.2866e-05 1.3266e-05 
-9.83815e-06 -1.13204e-05 -1.9464e-06 7.73395e-06 3.27971e-05 7.54847e-05 0.000118176 0.000168046 0.000216194 0.000242898 0.0002323 0.00022853 0.00023735 0.000219289 0.000181227 0.000161748 0.000137097 0.000116669 8.55444e-05 4.78908e-05 3.357e-05 3.65009e-05 3.9712e-05 4.20963e-05 
-3.60267e-05 -3.90835e-05 -3.07424e-05 -2.20912e-05 -4.43417e-06 3.18216e-05 0.000103459 0.000181765 0.000244779 0.000293787 0.0003245 0.000334673 0.000341529 0.000348499 0.000313954 0.000263123 0.000199763 0.000174025 0.000145717 0.000135466 0.000112112 9.58289e-05 8.7513e-05 8.66949e-05 
-2.88817e-05 -2.56754e-05 -2.07745e-05 -2.68924e-05 -2.8706e-05 -1.43729e-06 8.11126e-05 0.000183186 0.000285839 0.000390532 0.000503454 0.000615099 0.000654557 0.000666401 0.000623033 0.0004906 0.000376588 0.000272957 0.000202239 0.000160077 0.000137541 0.000104907 8.77925e-05 7.14843e-05 
-3.64645e-05 -3.26374e-05 -2.82319e-05 -2.03161e-05 2.39766e-06 4.07151e-05 9.54741e-05 0.000186145 0.000312917 0.00041998 0.000524244 0.000633976 0.000716198 0.000752924 0.000740933 0.000670314 0.000541337 0.000423111 0.000307914 0.00023947 0.000208736 0.000160717 0.000122202 8.51984e-05 
-4.83439e-05 -4.7182e-05 -3.8663e-05 -1.51e-05 3.74225e-06 4.85332e-05 0.000125717 0.000208843 0.000279928 0.000354473 0.000434714 0.000530009 0.000609754 0.000708094 0.000735309 0.000692269 0.000570847 0.000458977 0.000395111 0.000301399 0.000276863 0.000232068 0.000163698 0.000105897 
-2.89958e-05 -1.87594e-05 -8.07302e-06 9.22352e-06 1.90816e-05 4.89272e-05 9.4166e-05 0.000156656 0.000199576 0.000259339 0.000322909 0.000443703 0.000541033 0.000570638 0.000623697 0.000660066 0.000579809 0.000534282 0.000479517 0.000411546 0.000335942 0.000246662 0.000153921 8.68746e-05 
-1.23085e-05 -2.76593e-06 -1.18695e-06 1.65926e-05 1.34152e-05 3.43407e-05 7.37802e-05 0.000106314 0.000123539 0.000148677 0.000180728 0.00024892 0.000345255 0.000413029 0.000496564 0.000531163 0.000525358 0.000587858 0.000613493 0.000553862 0.000509334 0.000415399 0.000276402 0.000139835 
2.16326e-05 2.9699e-05 3.51269e-05 4.74424e-05 7.32181e-05 8.77784e-05 0.000102017 0.000143105 0.000175068 0.00022306 0.000222516 0.000217414 0.000256687 0.000307161 0.000391654 0.000424402 0.000454887 0.00052274 0.000605705 0.000599477 0.000521261 0.000404472 0.000294631 0.000164569 
6.22026e-05 8.37897e-05 9.7213e-05 7.89651e-05 7.87497e-05 7.00775e-05 5.85806e-05 9.37005e-05 0.00019767 0.000291963 0.000311124 0.000312459 0.000352497 0.000391784 0.000428022 0.000458955 0.000437275 0.000483165 0.000571639 0.000592932 0.000535132 0.000415615 0.00030102 0.000189724 
5.61008e-05 7.81135e-05 9.1612e-05 9.01673e-05 7.58754e-05 5.19634e-05 5.27229e-05 5.02772e-05 0.00012916 0.000279345 0.00036816 0.000411635 0.000463191 0.000473092 0.000468221 0.000449221 0.000436207 0.000417551 0.000471168 0.000544415 0.000556665 0.000491486 0.000385444 0.000245727 
3.56495e-05 5.2182e-05 6.77657e-05 9.39683e-05 0.0001401 0.000168629 0.000173478 0.000173551 0.000240954 0.000393031 0.000470322 0.000517939 0.000550073 0.000500552 0.000439689 0.000405833 0.000351828 0.00038786 0.000425789 0.00046378 0.000516308 0.000521296 0.000456763 0.000342334 
2.60756e-05 4.72893e-05 7.57047e-05 0.000112106 0.000152411 0.000205762 0.000250799 0.000266661 0.000336394 0.000454545 0.000556746 0.000593307 0.00057979 0.000504423 0.000438868 0.00038616 0.000344844 0.000382545 0.000450219 0.000499939 0.000551075 0.00056376 0.000520645 0.000436115 
3.29593e-05 6.30415e-05 8.87091e-05 0.000101303 0.000137015 0.000199502 0.000261172 0.000319264 0.000413864 0.000507218 0.000564178 0.000512876 0.000458461 0.000412367 0.000393484 0.000369362 0.000377142 0.000427258 0.000493107 0.000536065 0.000548423 0.000525456 0.000469517 0.000391927 
4.85882e-05 4.39158e-05 7.69302e-05 0.000130878 0.000186331 0.000265807 0.000372992 0.000476197 0.000559312 0.000604589 0.00057339 0.000511998 0.000440713 0.000395543 0.000382128 0.000377417 0.000390449 0.000434779 0.000480834 0.000509125 0.000505954 0.000464631 0.000401252 0.00033031 
1.42336e-05 6.20778e-05 0.000101755 0.000149524 0.000247341 0.00038639 0.000517119 0.000618094 0.000677869 0.0006688 0.000630867 0.000564481 0.000479389 0.000430711 0.000417593 0.000417007 0.000426001 0.00043742 0.000440541 0.000431847 0.000403343 0.000342496 0.000271647 0.000206437 
4.75499e-05 6.64755e-05 0.000132789 0.000234701 0.000370343 0.000513514 0.000620682 0.000695841 0.000692077 0.000674417 0.000684758 0.000634479 0.000560002 0.000515969 0.000499376 0.000480009 0.000441727 0.000407288 0.000377885 0.000337867 0.000288777 0.000227736 0.000170129 0.000122256 
9.72324e-05 0.000151281 0.000270137 0.000382495 0.00049298 0.000604304 0.000684859 0.000692898 0.000677083 0.000716342 0.000683453 0.000606688 0.00053658 0.000470013 0.00041601 0.000345593 0.000270496 0.000212936 0.000177274 0.000150758 0.000122744 9.24922e-05 6.66846e-05 5.36234e-05 
0.000171197 0.000274422 0.000374427 0.000449511 0.000532784 0.00062282 0.000657702 0.000649791 0.000671186 0.000625467 0.000562542 0.000444784 0.000335073 0.000263773 0.000201825 0.000126703 4.87381e-05 -2.93294e-05 -7.58566e-05 -8.53514e-05 -8.54273e-05 -7.41413e-05 -5.97107e-05 -4.31489e-05 
0.000234299 0.000339513 0.000389313 0.000429207 0.000485993 0.000553094 0.000572437 0.000589052 0.000551406 0.000493917 0.000391369 0.000261512 0.000158894 7.92675e-05 -9.80448e-06 -0.000109792 -0.000192113 -0.000244399 -0.000268187 -0.000267502 -0.000253579 -0.000229166 -0.000192354 -0.000151266 
0.000270471 0.000325374 0.000353081 0.00038187 0.000440917 0.000481443 0.000480688 0.000451924 0.000416766 0.000329947 0.000207983 7.42384e-05 -5.86248e-05 -0.000169988 -0.000227296 -0.000276839 -0.000320497 -0.000354104 -0.000364443 -0.000358132 -0.000326807 -0.000274969 -0.000220064 -0.000172187 
0.000262387 0.000307425 0.000329955 0.000356327 0.000388799 0.000386894 0.000325859 0.000305076 0.000227387 0.000144288 3.34227e-05 -0.000110606 -0.000193826 -0.000227525 -0.000285269 -0.00035481 -0.000395737 -0.00040307 -0.000386094 -0.000364828 -0.000322148 -0.000267535 -0.000197492 -0.000140335 
0.000244876 0.000289676 0.000323674 0.00034203 0.00035196 0.000274236 0.0002437 0.000144683 3.11737e-05 -5.32251e-05 -0.000159398 -0.000213159 -0.000227302 -0.000248573 -0.000298879 -0.000348085 -0.000383553 -0.000408867 -0.000390941 -0.00031191 -0.000243664 -0.000187222 -0.000138857 -0.000100169 
0.000229199 0.000289961 0.000338845 0.000358821 0.000309361 0.000258653 0.000104356 -6.20131e-05 -0.000171359 -0.000246973 -0.000293555 -0.000299143 -0.000285419 -0.000291962 -0.000317318 -0.000333783 -0.0003646 -0.000379376 -0.000293946 -0.000227277 -0.00018303 -0.000146418 -0.000109758 -8.08518e-05 
0.000250796 0.000312597 0.000354241 0.0003493 0.000303609 0.000122853 -6.82374e-05 -0.00023539 -0.000301067 -0.000333509 -0.000359455 -0.000355496 -0.000334912 -0.000327189 -0.000333294 -0.000339198 -0.000349775 -0.000309929 -0.000247937 -0.000216428 -0.000182922 -0.000156317 -0.00013215 -0.000115192 
0.000236899 0.00028394 0.000307764 0.000289654 0.000131163 -5.44826e-05 -0.000255437 -0.000343959 -0.00037873 -0.000385515 -0.000384143 -0.000378537 -0.000366217 -0.00035617 -0.000357595 -0.000353079 -0.000338045 -0.000278547 -0.000222346 -0.00015551 -0.000133479 -0.000133832 -0.000110671 -5.74063e-05 
0.000162258 0.000200777 0.000215255 0.000128116 -1.29056e-05 -0.000227389 -0.000339798 -0.000390846 -0.000400018 -0.00039343 -0.000388884 -0.000390202 -0.000377018 -0.000361957 -0.000355694 -0.000340082 -0.000319022 -0.000264158 -0.000172311 -0.000125668 -9.8948e-05 -5.22533e-05 -1.78767e-05 6.84583e-06 
0.000152601 0.000171331 0.000128251 3.59355e-05 -0.000137634 -0.000277173 -0.000356433 -0.000382154 -0.000384159 -0.000377696 -0.000371721 -0.000372236 -0.000369031 -0.000355797 -0.00034756 -0.000331074 -0.000301611 -0.000226654 -0.000142472 -9.85829e-05 -6.9489e-05 -4.45846e-05 -1.10023e-06 1.97928e-05 
0.000145772 0.000114444 6.65223e-05 -6.76337e-05 -0.000223783 -0.000319244 -0.000361384 -0.00037379 -0.000372477 -0.00037184 -0.000371307 -0.00036863 -0.000357296 -0.000347423 -0.000324067 -0.000307189 -0.000271976 -0.000198736 -0.000137048 -0.000106641 -7.16416e-05 7.9671e-06 4.82329e-05 6.89117e-05 
2.74401e-05 -1.13732e-05 -8.87947e-05 -0.000211071 -0.000295505 -0.000344918 -0.000368487 -0.000370753 -0.000365701 -0.000365761 -0.000367945 -0.000364389 -0.000357052 -0.000329657 -0.000298658 -0.000275861 -0.000232481 -0.000166576 -0.000129045 -0.000103687 5.01568e-06 6.60571e-05 7.66456e-05 0.000112002 
-0.000133415 -0.00019642 -0.000249514 -0.000304173 -0.000340184 -0.000357895 -0.000363274 -0.000364283 -0.000363556 -0.00036369 -0.000363276 -0.000357935 -0.00035282 -0.000315415 -0.000271743 -0.000237274 -0.000184854 -0.000137649 -0.00012928 -3.30708e-05 8.77861e-05 0.000124869 0.000138669 0.00014467 
-0.000212343 -0.000263471 -0.000306334 -0.00034029 -0.000348582 -0.000354036 -0.000349913 -0.000348628 -0.000353199 -0.000359524 -0.000363695 -0.000359122 -0.00034366 -0.000306572 -0.00026725 -0.000226702 -0.000170712 -0.000146648 -9.3244e-05 1.53961e-05 0.000136496 0.000186124 0.000183202 0.000157497 
-0.000230967 -0.000286553 -0.000325705 -0.00034671 -0.000348723 -0.000344432 -0.000340097 -0.000339627 -0.000350906 -0.000364788 -0.000371494 -0.000360319 -0.000335535 -0.000305932 -0.000273747 -0.000231885 -0.000171296 -0.000118371 -6.03336e-05 4.07128e-05 0.000140314 0.000132712 8.09583e-05 3.58729e-05 
-0.000233165 -0.000279601 -0.000317237 -0.000336728 -0.000339071 -0.000330341 -0.000327157 -0.000329194 -0.000335659 -0.000333638 -0.000331357 -0.000324715 -0.000313894 -0.000295356 -0.000269955 -0.000230222 -0.000157231 -7.7576e-05 -1.32128e-05 3.6566e-05 7.80732e-05 6.88914e-05 2.80107e-05 -1.9487e-05 
-0.000168267 -0.000218177 -0.000261485 -0.000274558 -0.000269484 -0.000257202 -0.000263539 -0.000266573 -0.000258383 -0.000254108 -0.00026822 -0.000287681 -0.000294568 -0.000277536 -0.000242282 -0.000214151 -0.000151394 -6.21162e-05 3.92937e-06 3.89689e-05 3.38439e-05 2.8438e-05 7.77423e-06 2.31225e-06 
-0.000102315 -0.000139372 -0.000163768 -0.000177608 -0.000199938 -0.000215794 -0.000226072 -0.000229328 -0.000235117 -0.000244772 -0.00025263 -0.000260443 -0.000263144 -0.000252323 -0.000213922 -0.000161898 -0.000108566 -4.74671e-05 2.58545e-05 4.53703e-05 3.36765e-05 1.35538e-05 4.68516e-06 1.08114e-05 
-8.09613e-05 -0.000109671 -0.00013016 -0.000155118 -0.000187042 -0.000211157 -0.000222872 -0.00022559 -0.000229304 -0.0002405 -0.000233908 -0.000213245 -0.000193798 -0.000179768 -0.000145465 -9.71879e-05 -4.36199e-05 3.92697e-05 8.11557e-05 9.70876e-05 6.92809e-05 5.17641e-05 3.40412e-05 3.18929e-05 
-4.01227e-05 -7.92049e-05 -0.000102764 -0.000137765 -0.00017425 -0.000184053 -0.00018518 -0.000188275 -0.00018968 -0.000191539 -0.000174576 -0.000161711 -0.000153651 -0.000143174 -9.96576e-05 -3.07269e-05 3.51906e-05 8.62147e-05 0.000156616 0.000179016 0.000150328 0.000112117 8.64026e-05 5.90262e-05 
-1.83666e-05 -3.26183e-05 -5.02305e-05 -8.60403e-05 -0.000112355 -0.000116495 -0.000111887 -0.000109477 -0.000104318 -9.40881e-05 -9.13907e-05 -7.97472e-05 -6.37038e-05 -4.83451e-05 -7.40902e-06 3.27558e-05 0.000102246 0.000140628 0.00014857 0.000141922 0.000101082 5.09681e-05 1.88454e-05 -3.73427e-06 
3.53695e-05 3.33534e-05 2.86213e-05 2.58704e-05 2.58805e-05 2.38809e-05 2.66135e-05 3.75001e-05 4.14057e-05 1.3941e-05 -2.23204e-05 -3.60204e-05 -4.18134e-05 -4.094e-05 1.62132e-06 4.47545e-05 7.58772e-05 8.77496e-05 8.37258e-05 7.23202e-05 3.74753e-05 -4.00929e-06 -1.58056e-05 -1.56098e-05 
