7.9215e-05 9.24511e-05 9.93567e-05 9.80662e-05 6.61058e-05 5.02059e-05 2.67657e-05 5.54425e-05 8.57564e-05 9.54195e-05 0.000101209 9.75752e-05 9.53286e-05 9.17951e-05 9.01674e-05 8.37048e-05 6.69682e-05 3.52513e-05 1.06895e-05 2.83961e-05 3.35689e-05 3.01341e-05 2.51612e-05 1.8917e-05 
0.00011089 0.000125158 0.000138163 0.000142982 0.000126423 8.12281e-05 5.33333e-05 7.00529e-06 -3.17684e-05 -3.56764e-05 -4.67456e-05 -6.03365e-05 -5.27842e-05 -5.41567e-05 -4.81233e-05 -2.97823e-05 2.15013e-06 3.42781e-05 4.55731e-05 2.53552e-05 1.94632e-05 2.31657e-05 1.88972e-05 1.31208e-05 
0.000155301 0.000171501 0.000184714 0.000219022 0.0002525 0.000231062 0.000181124 0.000117599 6.79581e-05 2.7652e-05 -2.23961e-05 -0.000140655 -0.00018412 -0.000181742 -0.000170929 -0.000132808 -7.23905e-05 -2.696e-05 4.70294e-06 6.21924e-05 6.4096e-05 5.34911e-05 4.63932e-05 4.03411e-05 
0.000176792 0.000193609 0.000196543 0.000210848 0.000213641 0.000200158 0.000188637 0.00017799 0.000151308 0.000136651 0.000142664 5.16225e-05 -5.47232e-05 -0.00010439 -0.000127615 -0.000173266 -0.000190886 -0.000131145 -7.4003e-05 -5.4804e-06 3.64419e-05 4.97217e-05 6.03887e-05 5.21968e-05 
0.000114915 0.000120952 0.000128621 0.000109597 6.80954e-05 8.0644e-05 8.36728e-05 7.99299e-05 4.90265e-05 3.16545e-05 3.29926e-05 2.60285e-05 -3.53979e-05 -8.76307e-05 -0.000106961 -9.55948e-05 -0.000122829 -0.000148502 -0.000137944 -8.21042e-05 3.83691e-05 0.000118021 0.000147377 0.000141655 
8.64254e-05 8.76828e-05 7.23324e-05 2.74261e-05 3.14761e-05 5.62632e-05 6.21463e-05 -3.70853e-05 -0.000156302 -0.000228968 -0.000241672 -0.000218128 -0.000190829 -0.000151751 -0.000109238 -7.31139e-05 -3.76089e-05 -7.1042e-05 -0.000108416 -8.38555e-05 4.5998e-05 0.000199747 0.000280002 0.00030768 
7.41053e-05 7.62192e-05 8.88282e-05 7.55427e-05 0.000104509 0.000177474 0.000159838 0.000106591 1.16704e-05 -5.78827e-05 -5.37959e-05 -7.49826e-05 -0.000145155 -0.000131887 -8.63055e-05 -5.66473e-05 -5.82659e-06 -3.74773e-05 -6.85458e-05 -1.68857e-05 0.000108278 0.000275464 0.000391254 0.000510914 
7.47646e-05 8.44027e-05 0.000103474 0.000116728 0.000163863 0.000211021 0.000205283 0.000210874 0.000190717 0.000130449 0.000101324 6.1242e-05 -4.06288e-05 -4.67724e-05 -3.42625e-05 -3.50464e-05 1.04269e-05 -4.06775e-05 -8.78914e-05 -7.15509e-05 -1.47414e-05 0.000185541 0.00033537 0.000436845 
7.9482e-05 8.72787e-05 9.86021e-05 0.000103205 0.000141879 0.000170449 0.000185288 0.00017633 0.000141146 4.80478e-05 5.81845e-05 8.12014e-05 7.42215e-05 6.98803e-05 3.92154e-05 7.87106e-05 0.000105424 6.22145e-05 -4.27389e-06 -4.56486e-05 -3.90665e-05 7.75633e-05 0.000183773 0.000264687 
9.44023e-06 4.62808e-06 3.84022e-06 -1.5574e-05 -9.48068e-06 8.25669e-06 5.27735e-05 9.26607e-05 7.22578e-05 1.44652e-05 3.56354e-05 8.58192e-05 0.000107067 0.000111328 9.56294e-05 0.000108212 0.000118047 6.79688e-05 1.3175e-05 -9.93806e-06 4.23718e-05 9.00585e-05 0.000122697 0.000161584 
-1.1322e-05 -2.00518e-05 -2.57055e-05 -2.98412e-05 -2.32851e-05 9.35433e-06 5.7055e-05 8.89271e-05 6.987e-05 5.89877e-05 7.32501e-05 0.000131568 0.000136888 0.000128277 0.000115455 0.00011781 0.000110977 7.46482e-05 3.79157e-05 3.45658e-05 5.21965e-05 8.44915e-05 0.00010531 0.000120167 
4.55391e-06 8.14386e-06 6.61752e-06 6.30746e-06 3.78022e-05 9.69501e-05 0.000121426 0.000133387 0.000146742 0.000128706 0.000137931 0.000147313 0.000122946 0.000127639 0.00012695 0.000101677 7.87459e-05 4.0702e-05 3.08222e-06 -1.1627e-05 -1.24935e-05 -3.9668e-06 -7.27945e-06 1.9857e-05 
1.21128e-05 2.00579e-05 3.54263e-05 3.33964e-05 5.67255e-05 6.97447e-05 6.5006e-05 2.94946e-05 1.67175e-05 9.97868e-06 2.00929e-05 2.41101e-05 1.4945e-05 1.65478e-05 -1.01219e-05 -3.81619e-05 -4.07168e-05 -7.88949e-05 -0.000109165 -0.000107357 -9.95413e-05 -8.99031e-05 -7.07943e-05 -4.41804e-05 
3.79483e-05 4.68327e-05 5.48697e-05 4.47172e-05 1.68683e-05 -2.57964e-05 -6.26367e-05 -8.92354e-05 -8.14588e-05 -8.57698e-05 -7.78321e-05 -8.12483e-05 -9.51033e-05 -0.000116763 -0.0001263 -0.000152531 -0.00018247 -0.000223657 -0.000223297 -0.000186972 -0.000147306 -0.000106382 -6.50839e-05 -1.26571e-05 
2.09075e-05 2.77697e-05 2.23798e-05 -3.12231e-05 -8.94213e-05 -0.000106488 -0.000119957 -0.000118394 -0.00010908 -0.000140826 -0.000152556 -0.000152449 -0.000184513 -0.000189451 -0.000202791 -0.000238611 -0.000267969 -0.000280463 -0.000269529 -0.000230641 -0.000161637 -9.4916e-05 -3.58022e-05 1.46238e-05 
1.0468e-05 -1.02142e-05 -8.04011e-05 -0.000125211 -0.000157051 -0.000151397 -0.000146476 -0.000134474 -0.000141647 -0.00016506 -0.000179496 -0.000209207 -0.000205618 -0.000189566 -0.000157656 -0.000159277 -0.000167364 -0.000161807 -8.65367e-05 -8.70068e-06 5.18281e-05 9.7082e-05 0.000118594 0.000124633 
-3.69072e-05 -7.26988e-05 -9.63104e-05 -0.000115571 -0.000118432 -0.000110751 -9.05049e-05 -0.000104454 -0.00011492 -0.000158027 -0.000197247 -0.000155666 -4.23222e-05 4.00562e-05 7.20585e-05 0.000103629 0.00013296 0.000162242 0.000193409 0.000233705 0.000271499 0.000286952 0.000264474 0.000225189 
-9.48317e-05 -8.77331e-05 -6.80868e-05 -3.95719e-05 -1.63774e-05 -1.45843e-05 -4.43771e-05 -7.15894e-05 -0.00011963 -0.000179007 -0.000148303 2.58081e-05 0.000170933 0.00027047 0.00031567 0.000347861 0.00037478 0.000381822 0.000377516 0.000366266 0.000351675 0.000316285 0.000268469 0.000221337 
-9.17407e-05 -3.40291e-05 5.08008e-06 7.07821e-05 6.61912e-05 2.6624e-05 -5.70089e-05 -0.000146698 -0.0001638 -0.000156182 6.14108e-05 0.000285416 0.000442342 0.000537161 0.000582203 0.000590807 0.000576726 0.00055387 0.000526036 0.000485892 0.000432887 0.000358126 0.000278326 0.000204635 
-4.19074e-05 1.27366e-05 9.55099e-05 0.000114033 6.13525e-05 -4.05547e-05 -0.000151196 -0.000187212 -0.00012341 0.000123288 0.000415805 0.00065635 0.000753062 0.000778709 0.000764834 0.000745375 0.000708658 0.000672742 0.000633834 0.000578135 0.000506202 0.000418532 0.000330765 0.000249665 
-4.46229e-06 6.65732e-05 8.65192e-05 7.23643e-05 -9.62623e-06 -0.000121994 -0.00018666 -0.000156205 0.000129936 0.000435005 0.000700161 0.000868077 0.000936267 0.000922502 0.000854311 0.000769978 0.000704964 0.000647241 0.00058252 0.000498844 0.0004178 0.000345357 0.000273924 0.000199797 
5.45163e-05 6.1494e-05 6.52108e-05 2.37096e-05 -5.55788e-05 -0.000123519 -0.0001444 3.99375e-05 0.000348439 0.00065907 0.000895389 0.00101168 0.00100457 0.00094381 0.000833372 0.000710022 0.000611927 0.000519885 0.000427629 0.000345421 0.000277121 0.00022202 0.000181324 0.000144495 
7.0303e-05 3.20617e-05 -1.62525e-05 -8.19334e-05 -0.000121018 -0.000156815 -7.55086e-05 0.000257823 0.000619614 0.000865264 0.000982202 0.00101258 0.000958586 0.000852507 0.000721887 0.000606044 0.000514154 0.000409854 0.000316951 0.000282067 0.000249517 0.000201094 0.000150153 0.000104086 
1.81765e-05 -5.29432e-05 -0.000101564 -0.000150708 -0.000229313 -0.000203669 0.000127518 0.000557462 0.000810899 0.000917789 0.000963586 0.000951996 0.000891648 0.000772877 0.000645801 0.00052849 0.000405622 0.000295277 0.000218425 0.000160521 0.000135644 0.000112816 8.85804e-05 6.43372e-05 
-2.95994e-05 -7.14246e-05 -9.9039e-05 -0.000161148 -0.000200481 2.38145e-05 0.00042862 0.000677247 0.000788713 0.000862597 0.000861581 0.000839535 0.00079779 0.000709164 0.000585391 0.000448441 0.000302219 0.000194382 0.000130778 8.58279e-05 7.52057e-05 7.52628e-05 7.04737e-05 6.99303e-05 
-6.69244e-05 -9.93257e-05 -0.000106167 -8.63144e-05 7.30096e-05 0.000375917 0.000602362 0.000730164 0.000783934 0.000788306 0.00079241 0.000778942 0.000725013 0.000619706 0.000481516 0.000315857 0.000182897 0.000111923 4.96378e-05 4.65228e-05 7.8664e-05 0.000110261 0.000130603 0.00015116 
-0.000123481 -0.000118634 -6.99663e-05 0.000107693 0.000387707 0.000572281 0.000686663 0.00074766 0.000746994 0.000732872 0.000707701 0.000676035 0.000618955 0.000522153 0.000375559 0.000222718 0.000114215 4.24795e-05 1.70758e-06 -7.98066e-06 1.1304e-05 5.27455e-05 9.1959e-05 0.00012545 
-0.000122935 -5.11742e-05 0.000125477 0.000356572 0.000545568 0.000649998 0.000693334 0.000698278 0.000683677 0.000660061 0.00062898 0.000599344 0.000558744 0.000479412 0.000331547 0.000215628 0.000118668 5.32196e-05 9.80407e-06 1.7613e-05 6.89394e-05 0.000140188 0.000142901 0.000123072 
-1.57837e-05 0.000145345 0.000333959 0.00051239 0.000634846 0.000698693 0.000683651 0.000661457 0.000639968 0.000627629 0.000609406 0.000581993 0.000536479 0.000452895 0.000319503 0.000237105 0.000158552 8.8634e-05 5.6849e-05 7.48071e-05 0.000119678 0.000180492 0.000222562 0.000204083 
0.000168209 0.000336856 0.000475081 0.000604062 0.000679213 0.000692806 0.000667081 0.000645547 0.000620767 0.000600678 0.000582255 0.000554148 0.000504658 0.000426544 0.000324066 0.000254487 0.00019807 0.000143566 0.000133074 0.000146365 0.000191686 0.000278574 0.000302766 0.000237834 
0.000301064 0.000431603 0.000546614 0.000640178 0.000683657 0.000677448 0.000656431 0.000640767 0.000617255 0.000591126 0.000561463 0.000517927 0.000469813 0.000393268 0.000304977 0.000243951 0.000193632 0.000178239 0.000201808 0.000229047 0.000295635 0.000337199 0.000313259 0.000255311 
0.000333469 0.000452869 0.000558759 0.000627658 0.000639966 0.000642453 0.000634448 0.00062537 0.000602354 0.000565362 0.000531967 0.000490686 0.000435857 0.00035843 0.000284129 0.000234425 0.00021788 0.000237206 0.000269715 0.000306621 0.000332216 0.000326219 0.000280603 0.000225626 
0.000304713 0.000412255 0.000512196 0.000564333 0.000583296 0.000601611 0.000617655 0.000619194 0.000599834 0.000563404 0.000519231 0.000481671 0.000431052 0.000364139 0.000308673 0.000275221 0.000283735 0.000309168 0.000354665 0.000301985 0.000252449 0.000229977 0.000177804 0.000104315 
0.000290505 0.000378788 0.000465014 0.000528495 0.000595944 0.000654465 0.000692727 0.000712206 0.000703362 0.000669296 0.000618654 0.000556097 0.000501696 0.000454981 0.000424816 0.000412042 0.000431579 0.000457797 0.000406515 0.000260451 0.000119291 7.64632e-05 3.78748e-05 -3.23595e-05 
0.000353695 0.000444034 0.000556607 0.000655224 0.000721688 0.000763672 0.000783884 0.000798596 0.000792682 0.000755257 0.000689108 0.000636153 0.000605697 0.000582667 0.000564288 0.000557186 0.000565788 0.000516447 0.000360747 0.000204149 0.000120781 6.64989e-05 2.48663e-05 -2.24587e-05 
0.000340233 0.000437846 0.00055831 0.000664782 0.000740704 0.000769552 0.000783994 0.000783572 0.0007547 0.000687842 0.000611417 0.000585753 0.000572239 0.000552234 0.000536066 0.000519219 0.000514264 0.000410254 0.000274306 0.000203109 0.000112068 6.52894e-05 3.41327e-05 1.62998e-05 
0.000163072 0.000227289 0.000305763 0.000391894 0.00046288 0.000501426 0.000517402 0.000519545 0.000504816 0.000463718 0.000403756 0.000399441 0.000394891 0.00037823 0.000343379 0.000320904 0.000311203 0.000216769 0.000151523 0.000108477 8.58954e-05 4.85733e-05 1.72664e-05 7.26929e-06 
-4.80844e-05 -3.64777e-05 -6.83387e-06 4.61234e-05 0.000115859 0.000158411 0.00017689 0.000190647 0.000186276 0.000157594 0.000121058 8.4392e-05 8.55645e-05 9.25227e-05 7.30275e-05 6.1758e-05 6.12592e-05 4.29689e-05 2.06275e-05 1.28347e-05 8.07965e-06 -1.99008e-06 -1.76273e-05 -2.266e-05 
-9.29537e-05 -0.000105966 -0.000101294 -6.12784e-05 1.33541e-05 5.6717e-05 8.14147e-05 9.01426e-05 8.74397e-05 5.39066e-05 4.58462e-06 -3.70635e-05 -4.71545e-05 -4.04386e-05 -4.70377e-05 -1.88711e-05 4.35554e-05 6.66446e-05 2.99752e-05 6.43481e-06 3.10707e-06 -5.40431e-06 -1.2947e-05 -1.81513e-05 
-2.29328e-05 -2.97497e-05 -2.4137e-05 -2.15294e-06 2.80797e-05 8.25851e-05 0.000119135 0.00012454 0.000118711 9.10673e-05 2.14592e-05 -2.12862e-05 -1.5983e-05 -1.56991e-05 -7.91992e-06 2.25332e-05 2.58862e-05 2.72892e-05 5.39865e-06 -1.94429e-05 -2.94595e-05 -4.87227e-05 -5.7891e-05 -5.58688e-05 
