-9.68988e-06 -8.08338e-06 -4.68819e-06 1.0413e-05 3.15546e-05 3.82484e-05 3.41498e-05 3.98606e-05 5.50745e-05 5.2131e-05 2.93331e-05 9.65675e-06 -4.18219e-06 -2.0321e-06 -8.65331e-06 -1.81695e-05 -2.54017e-05 -2.77908e-05 -2.11179e-05 -1.32811e-06 2.26369e-06 -2.54899e-07 8.16463e-07 2.92061e-06 
-2.30436e-05 -2.47598e-05 -2.14492e-05 -2.48152e-06 1.22436e-05 3.95842e-05 6.55321e-05 6.17838e-05 7.8771e-05 0.000102763 0.000122196 0.000131595 0.000120485 0.00011108 9.93928e-05 6.73473e-05 2.29336e-05 -3.74699e-06 -2.13898e-05 -1.7854e-05 -1.25605e-05 -8.83659e-06 -7.97423e-06 -7.3595e-06 
-3.91143e-05 -4.12422e-05 -2.85369e-05 1.70389e-05 5.31321e-05 6.23169e-05 6.86919e-05 9.09106e-05 0.000148478 0.000199142 0.000228956 0.000249428 0.000255495 0.000249887 0.000215953 0.000173082 0.000131787 7.11078e-05 1.9066e-05 -2.02712e-05 -2.27187e-05 -2.72585e-05 -2.22165e-05 -1.89567e-05 
-2.47086e-05 -2.6588e-05 -1.29503e-05 4.80796e-05 0.00011893 0.000169286 0.000208435 0.000267072 0.000335895 0.000408879 0.000470619 0.000521046 0.000473425 0.00043131 0.000377956 0.000289342 0.000196358 0.000137778 7.59791e-05 5.67641e-05 3.67441e-05 3.79253e-05 3.18569e-05 3.25645e-05 
-1.20311e-05 -1.04128e-05 2.29439e-05 0.000136893 0.000266589 0.000335994 0.000369159 0.000450441 0.000538579 0.000596309 0.000623798 0.000634173 0.000594387 0.000532971 0.000472839 0.00037655 0.000271899 0.000157069 0.000110954 7.70568e-05 5.87607e-05 5.11985e-05 5.03327e-05 4.78383e-05 
-4.99943e-06 3.22958e-06 5.33038e-05 0.000174994 0.000294389 0.000347351 0.000387537 0.000460067 0.000560762 0.000636431 0.000643461 0.000623025 0.000608172 0.000606373 0.000556104 0.000479227 0.000324086 0.000193271 0.000180362 0.000166004 0.000146438 0.000122624 9.92418e-05 8.24364e-05 
3.21706e-06 1.00589e-05 4.81269e-05 0.000137984 0.00020228 0.000215203 0.000265328 0.000347356 0.00046464 0.000569552 0.000635128 0.000646383 0.000666573 0.000657315 0.000602907 0.000525669 0.000370219 0.000207814 0.000185098 0.000216258 0.000220768 0.000203818 0.000169628 0.000113486 
1.06612e-05 1.60033e-05 3.70965e-05 7.77067e-05 0.000119134 0.000159507 0.000200526 0.000270557 0.000414952 0.00056083 0.000651139 0.000657886 0.00067305 0.000648924 0.000585847 0.000457565 0.000320043 0.000175899 0.000193457 0.000233382 0.00025393 0.000235863 0.000190164 0.000155168 
-1.20848e-05 -1.54552e-05 -6.78267e-06 3.7294e-05 7.047e-05 0.000102923 0.000133202 0.000215515 0.000308622 0.000475533 0.000561241 0.000555715 0.000560486 0.00055875 0.000540433 0.000418483 0.000304639 0.000226433 0.000249368 0.0002984 0.000342249 0.000336838 0.00030966 0.000235544 
-8.48813e-06 -7.90737e-06 -1.76228e-05 -4.75567e-06 -1.0664e-05 -1.04506e-05 9.53549e-06 5.48795e-05 0.000155041 0.000278219 0.000375938 0.000392557 0.000408556 0.000414867 0.000427863 0.000398535 0.000288439 0.00023592 0.000264652 0.000327844 0.000365921 0.000337143 0.000302445 0.000274223 
2.29269e-06 7.32272e-06 9.25219e-06 4.25759e-06 -1.76648e-06 3.69962e-06 2.85123e-05 4.15384e-05 0.000112355 0.000226099 0.000302142 0.000313852 0.000328131 0.000349389 0.000372346 0.000376189 0.000365619 0.000339585 0.000363298 0.000423807 0.000472571 0.000456406 0.000388988 0.000316149 
-9.67874e-07 2.58763e-06 2.30428e-06 -6.40111e-06 -2.5243e-06 2.2238e-06 7.25411e-06 2.63452e-05 0.000122888 0.000246141 0.000315877 0.00034924 0.000371169 0.000396371 0.00041226 0.000399647 0.000387884 0.000395154 0.000420366 0.000463329 0.000508252 0.00051688 0.000466233 0.000379773 
4.61958e-07 3.60146e-06 1.61195e-06 -4.43205e-06 1.14053e-05 3.48947e-05 6.36149e-05 9.73779e-05 0.000196869 0.000287302 0.000331704 0.000362143 0.000397557 0.000413875 0.000404576 0.000363354 0.000320112 0.000318725 0.000354588 0.000403923 0.000449069 0.000457043 0.000423342 0.000369334 
1.34023e-06 -1.55462e-05 -1.85093e-05 -4.12278e-06 5.02532e-05 8.489e-05 9.21229e-05 9.60552e-05 0.000146697 0.000189925 0.000227095 0.000326268 0.000379962 0.00039101 0.000387848 0.000359065 0.000335937 0.000337357 0.000376412 0.000404208 0.000407579 0.00037516 0.0003192 0.00025546 
-1.5898e-05 -4.00811e-06 4.19074e-06 2.77729e-05 8.22834e-05 0.000111532 0.000124827 0.000157634 0.000192757 0.000227729 0.000308664 0.000410759 0.000432945 0.000417241 0.000389489 0.000377139 0.000392272 0.00044128 0.000483523 0.00051286 0.000508237 0.000462734 0.000387833 0.000302943 
4.46229e-06 1.1755e-05 4.71587e-05 9.00491e-05 0.000123277 0.000173173 0.000223831 0.000299139 0.000312851 0.000338621 0.000452231 0.000483483 0.000471598 0.000445736 0.00043815 0.000456114 0.000474433 0.000491395 0.000493783 0.000490135 0.000475333 0.000430851 0.000360671 0.000283502 
1.69823e-05 6.28863e-05 9.20528e-05 0.000115287 0.000171744 0.000239264 0.000317293 0.000333558 0.000340571 0.000426689 0.0004424 0.000454632 0.000456648 0.000438095 0.000440376 0.00044214 0.000447232 0.000448964 0.000444386 0.000444152 0.000432274 0.000393423 0.000330159 0.000260556 
3.55516e-05 7.36894e-05 0.000102879 0.000143334 0.000182936 0.000246052 0.00027382 0.000281952 0.000375847 0.000417212 0.000439272 0.000431935 0.000400607 0.000371369 0.000354126 0.00034251 0.000337925 0.00033985 0.000341522 0.000338117 0.000332249 0.000306771 0.000258828 0.000205661 
5.6643e-05 9.42355e-05 0.000104168 0.000137942 0.000170955 0.000204131 0.000270126 0.000389189 0.000453337 0.000457223 0.000432786 0.000378232 0.000330281 0.000294447 0.000277344 0.000258753 0.000245141 0.000218108 0.000196214 0.0001874 0.000174428 0.000155489 0.000131224 0.000107439 
4.98807e-05 6.89069e-05 0.000103323 0.000128512 0.000168728 0.000275309 0.000405082 0.000476406 0.00048007 0.000432491 0.000361318 0.000261398 0.000187373 0.000142194 9.76001e-05 5.17264e-05 -6.69377e-06 -3.42296e-05 -3.45866e-05 -3.46967e-05 -3.1638e-05 -1.70534e-05 -1.03301e-05 -1.32123e-05 
6.64359e-05 9.80254e-05 0.000129932 0.000181516 0.000303813 0.000428161 0.000481352 0.000463523 0.000418461 0.000365193 0.000246719 0.000107546 -3.47901e-07 -8.02141e-05 -0.000115158 -0.000161955 -0.000189697 -0.000198849 -0.000178918 -0.000159137 -0.000134323 -0.000101903 -7.47925e-05 -6.38276e-05 
0.000108838 0.000138228 0.000185488 0.000281641 0.000399337 0.000459417 0.000414949 0.000396692 0.000356399 0.000275214 0.0001548 1.91456e-05 -6.51195e-05 -0.000101403 -0.000162404 -0.000242841 -0.000294323 -0.000317962 -0.000322961 -0.000318563 -0.000307702 -0.0002701 -0.000219135 -0.000177056 
0.000127396 0.000193938 0.0002732 0.000352134 0.000410574 0.000345284 0.000354884 0.000324048 0.000246579 0.000135883 -3.10859e-05 -0.00010046 -0.000132281 -0.000186612 -0.000257746 -0.000317661 -0.000350655 -0.000381596 -0.000400267 -0.000410055 -0.000386091 -0.000334192 -0.000268501 -0.000210742 
0.000192127 0.000290568 0.00035527 0.000371358 0.000358204 0.000365337 0.000333606 0.000201142 3.62974e-05 -9.64228e-05 -0.000149882 -0.000189225 -0.000211976 -0.000249881 -0.000293016 -0.000329178 -0.000360946 -0.000383518 -0.000430024 -0.000447399 -0.000423685 -0.000370167 -0.000304012 -0.000238104 
0.000263997 0.000345814 0.000380092 0.000368245 0.000376656 0.000334771 0.000197782 1.89292e-05 -0.000113478 -0.000191817 -0.000238588 -0.000267834 -0.000289469 -0.000319404 -0.000351722 -0.000369938 -0.000371647 -0.000407583 -0.00046215 -0.000466635 -0.000419925 -0.000338449 -0.000256029 -0.000175095 
0.000275746 0.00032561 0.000331444 0.000350623 0.000323271 0.000203648 -6.82249e-06 -0.000141897 -0.000205001 -0.00027472 -0.000316889 -0.00034185 -0.000359603 -0.000382756 -0.000413495 -0.000417696 -0.000423342 -0.00045722 -0.000471146 -0.000426859 -0.00033954 -0.000242171 -0.000161778 -0.000103349 
0.000244646 0.00026263 0.000290978 0.000267748 0.00021559 -2.42669e-05 -0.000187934 -0.000275548 -0.000316367 -0.00034843 -0.000372935 -0.000391941 -0.000400915 -0.0004221 -0.00044756 -0.000459327 -0.000453383 -0.000448543 -0.000411769 -0.000319274 -0.000225927 -0.000167488 -0.00012629 -7.99477e-05 
0.000245978 0.000272457 0.000264059 0.000229051 6.26382e-05 -0.000144055 -0.000277381 -0.000331855 -0.00035004 -0.000373042 -0.000383178 -0.000393441 -0.000398451 -0.000416321 -0.000437241 -0.000438159 -0.000423771 -0.000403005 -0.000320039 -0.000214912 -0.000161461 -0.000126833 -9.2195e-05 -5.30639e-05 
0.000243831 0.000250112 0.000226238 0.000123112 -4.67626e-05 -0.000177989 -0.000284809 -0.000314442 -0.000318938 -0.000331369 -0.00034279 -0.000359522 -0.000373178 -0.000389217 -0.000387643 -0.000389614 -0.000363622 -0.000321495 -0.000230719 -0.000174454 -0.0001539 -0.000145052 -0.000110621 -8.53859e-05 
0.000183461 0.000169161 0.000110554 3.18476e-07 -0.000112872 -0.00020878 -0.000274714 -0.000292347 -0.000295785 -0.000301116 -0.000310554 -0.000333601 -0.000360241 -0.000363176 -0.000352442 -0.000350364 -0.000322687 -0.00026747 -0.00021525 -0.000196478 -0.000230524 -0.0001721 -0.000108815 -9.40875e-05 
5.74711e-05 1.64391e-05 -2.34722e-05 -0.000108143 -0.000182091 -0.000245105 -0.000271786 -0.000280788 -0.000289916 -0.000297938 -0.000301013 -0.000321288 -0.000350621 -0.000344819 -0.000330165 -0.000320026 -0.000286021 -0.000244047 -0.000217331 -0.000216383 -0.000167588 -7.934e-05 -4.88386e-05 -2.86014e-05 
-4.53087e-05 -9.23501e-05 -0.000130333 -0.000185651 -0.00023401 -0.00026192 -0.000267059 -0.000268356 -0.000276743 -0.000289386 -0.000299549 -0.000320972 -0.000345485 -0.000335412 -0.000320121 -0.000307301 -0.000267296 -0.000239179 -0.000213564 -0.000149202 -4.07526e-05 1.05742e-05 1.32541e-05 2.62767e-05 
-0.000134983 -0.00016838 -0.000205096 -0.000239853 -0.000258297 -0.000269546 -0.000268051 -0.000266913 -0.000273988 -0.000291032 -0.000318008 -0.00033509 -0.000335185 -0.000330722 -0.000324469 -0.000306289 -0.000253612 -0.000186264 -7.63408e-05 1.7929e-05 8.23701e-05 9.71815e-05 7.71952e-05 6.39221e-05 
-0.000181235 -0.000219714 -0.00025009 -0.000273319 -0.000267357 -0.00025276 -0.000241189 -0.000238615 -0.00024721 -0.00025229 -0.000266294 -0.000284707 -0.000296473 -0.000297415 -0.000292387 -0.000275064 -0.000202153 -8.38685e-05 2.57155e-05 8.7505e-05 0.000119205 0.000124514 0.000106544 9.15518e-05 
-0.000131306 -0.000173849 -0.000200804 -0.000197236 -0.000179628 -0.000162876 -0.00016095 -0.000156004 -0.000148305 -0.000145609 -0.000177393 -0.000215252 -0.000241606 -0.00024924 -0.000240956 -0.000208017 -0.00010456 3.38836e-06 5.8661e-05 0.000108232 0.000152534 0.000156751 0.000131446 0.000101784 
-7.00811e-05 -0.00010562 -0.000121165 -0.000128799 -0.000108042 -8.38865e-05 -7.98047e-05 -8.45284e-05 -9.67958e-05 -0.000144407 -0.000200784 -0.000214843 -0.000228081 -0.000233243 -0.000211818 -0.000160107 -4.95865e-05 2.04593e-05 7.4907e-05 0.000128443 0.000145749 0.000131736 0.000103984 7.96992e-05 
-8.1752e-05 -0.000117123 -0.00012607 -0.000148982 -0.000163681 -0.000152806 -0.000144198 -0.000151909 -0.000170389 -0.000195926 -0.000210106 -0.000210866 -0.000211269 -0.000221617 -0.00020369 -0.000146878 -8.15492e-05 6.71785e-06 5.34667e-05 7.88065e-05 8.13144e-05 9.34357e-05 8.40231e-05 6.57757e-05 
-0.000176552 -0.000212641 -0.000235878 -0.000258073 -0.000239662 -0.00021865 -0.000208613 -0.00020889 -0.000233777 -0.000256218 -0.00025167 -0.00024964 -0.000238239 -0.000233605 -0.000219773 -0.000182139 -6.9213e-05 4.1393e-05 6.34686e-05 6.97282e-05 7.65432e-05 8.00006e-05 7.69594e-05 5.28726e-05 
-0.000134757 -0.000176325 -0.000185411 -0.000175683 -0.000124581 -7.4756e-05 -5.03523e-05 -6.0503e-05 -9.22844e-05 -0.000156951 -0.000214234 -0.00020877 -0.000198677 -0.000195326 -0.000164269 -6.18972e-05 9.79641e-05 0.000139408 0.000111621 8.35059e-05 5.8183e-05 4.6026e-05 3.96619e-05 2.35639e-05 
-9.41226e-06 -1.96672e-05 -1.04184e-05 3.20001e-05 8.8166e-05 0.000120345 0.000135698 0.000128531 0.000110691 7.40012e-05 8.31729e-06 -2.02369e-05 -3.08766e-05 -3.46243e-05 9.60557e-06 0.000102083 0.000146808 0.000130761 0.000105013 8.82273e-05 6.43517e-05 4.61943e-05 4.06277e-05 3.7006e-05 
