9.86873e-05 0.000113391 0.000118093 0.000117456 0.000100895 6.06171e-05 -1.82685e-06 -1.25048e-05 2.85918e-06 2.11401e-05 7.28157e-05 0.000119037 0.000129299 0.000113701 0.000101975 8.38719e-05 5.77809e-05 3.51189e-05 2.11398e-05 1.17696e-05 1.33639e-05 1.1563e-05 7.45668e-06 4.30437e-06 
3.59028e-05 3.86685e-05 5.30723e-05 8.11872e-05 9.5035e-05 8.89078e-05 9.93045e-05 0.00012574 0.000143171 0.000175843 0.000205221 0.000215188 0.000199983 0.000178132 0.000146209 0.00012903 0.000112002 8.97937e-05 6.81748e-05 2.54042e-05 3.33484e-06 5.81512e-06 7.96014e-06 1.2305e-05 
6.41229e-06 1.06803e-05 3.57766e-05 7.39099e-05 9.88652e-05 0.000144736 0.000208926 0.000288107 0.00033708 0.000422813 0.000500013 0.000573687 0.000582657 0.000551859 0.000470945 0.000369617 0.000248279 0.000177212 0.000109412 9.58022e-05 5.16486e-05 2.82156e-05 2.42903e-05 1.88163e-05 
3.14905e-05 4.44309e-05 7.6794e-05 0.000132232 0.000202515 0.00028469 0.000400563 0.000530212 0.00068285 0.000850621 0.000967498 0.000998389 0.000976176 0.000905059 0.00079847 0.000687075 0.000535376 0.000385758 0.000271628 0.000191164 0.000137704 0.000101032 0.000100202 9.44118e-05 
2.39876e-05 3.5012e-05 6.58921e-05 0.000128777 0.000213212 0.000294625 0.000368995 0.000564732 0.000804748 0.00103086 0.00121029 0.00134685 0.00142524 0.0013879 0.00125212 0.00102213 0.000765598 0.00059254 0.000546028 0.000539741 0.000505541 0.000418678 0.000342231 0.00030321 
2.94547e-05 4.70294e-05 7.08684e-05 0.000137945 0.000221942 0.000281645 0.000366225 0.00051291 0.000657026 0.000816348 0.00100975 0.00120964 0.0013295 0.00138675 0.00137842 0.00131396 0.00109539 0.000843844 0.000731953 0.000754859 0.000717998 0.000603155 0.000481956 0.000356828 
5.06425e-05 6.94288e-05 0.000101989 0.000172588 0.000240943 0.00030866 0.000417487 0.000555684 0.000703593 0.00086001 0.00102065 0.0011683 0.0012778 0.00131428 0.00134978 0.00135975 0.00130828 0.00114693 0.00101193 0.000943352 0.000897271 0.000806599 0.000654457 0.000534356 
5.54224e-05 7.37758e-05 7.8145e-05 0.000127911 0.000225581 0.000343625 0.000456072 0.000582948 0.000735661 0.000925625 0.00115071 0.00130682 0.00138608 0.00141066 0.00143958 0.00146436 0.00148192 0.00136422 0.00124961 0.00112868 0.00105036 0.000956839 0.000801707 0.000655604 
8.16424e-05 0.000100817 0.00011425 0.000156754 0.000278606 0.00043646 0.000603533 0.000740621 0.000941571 0.00114765 0.00128543 0.00141511 0.00151779 0.00156827 0.00158729 0.00160602 0.00156166 0.00144233 0.00137335 0.00125345 0.00115702 0.00105662 0.000897654 0.000719573 
0.000140709 0.000178892 0.000199737 0.000222538 0.000324753 0.000488474 0.00064781 0.000830102 0.00106707 0.00133734 0.00148063 0.00154558 0.00160325 0.00164467 0.00163224 0.00156977 0.0014499 0.00138035 0.00139638 0.00142035 0.00134011 0.00119876 0.001019 0.000864291 
0.00012267 0.000166964 0.000194588 0.000219527 0.000276287 0.000389661 0.000530531 0.000733245 0.000975297 0.00122766 0.00145493 0.00154677 0.00159168 0.0015799 0.00150937 0.00141497 0.0013398 0.0012425 0.00125504 0.0013353 0.00138247 0.00126799 0.00106305 0.000843042 
7.62488e-05 9.91019e-05 0.000138512 0.000211287 0.000334233 0.000462731 0.000606764 0.000771191 0.000948375 0.00119123 0.00139713 0.0014966 0.00155771 0.00150367 0.00139617 0.00128878 0.00115603 0.00110723 0.00111129 0.00114428 0.00117402 0.00114549 0.000996128 0.000815159 
4.5392e-05 8.254e-05 0.000159451 0.000258177 0.000385296 0.000558362 0.000762371 0.000954486 0.00115071 0.00135593 0.00150455 0.00155407 0.00154004 0.00143996 0.0013162 0.00119988 0.00108226 0.00102853 0.0010413 0.00108522 0.00112013 0.00109496 0.000970733 0.000803853 
7.41921e-05 0.000110348 0.000196159 0.000312508 0.000459364 0.000691356 0.000974421 0.00118929 0.00136192 0.00152501 0.00154442 0.00148235 0.00137045 0.00126428 0.00117499 0.00108533 0.0010214 0.000982287 0.000991897 0.00101136 0.00102139 0.000977788 0.000870905 0.000736183 
9.58371e-05 0.00017231 0.00030659 0.000456038 0.000679822 0.000935312 0.00115588 0.00129057 0.00141341 0.00147157 0.00139492 0.00129031 0.00118908 0.0011125 0.00105513 0.00099244 0.000946572 0.000932326 0.000944998 0.000962045 0.000957411 0.000900716 0.000792515 0.000667102 
0.000156842 0.000297142 0.0004678 0.000685346 0.000892641 0.00106882 0.0011462 0.00129117 0.00140655 0.00136309 0.00127718 0.00120175 0.00110796 0.00103832 0.00100514 0.000974659 0.000952869 0.000954998 0.000960229 0.000951745 0.000914223 0.00082453 0.000699139 0.000569263 
0.000240391 0.000408476 0.000632166 0.000861183 0.00101027 0.00109235 0.00126226 0.00137733 0.00133783 0.00127278 0.00121048 0.00111632 0.00106997 0.00104725 0.00101264 0.000973424 0.000919121 0.000866429 0.000824647 0.000781897 0.000723924 0.000634161 0.000522397 0.000418429 
0.000332619 0.000539307 0.000771942 0.000949391 0.00110494 0.001266 0.00137515 0.00138274 0.00130665 0.00126661 0.0011679 0.00112942 0.00105941 0.00100674 0.000952608 0.000913368 0.000855485 0.000792806 0.000750716 0.000720111 0.000679415 0.000593898 0.00049309 0.000384195 
0.000421262 0.000625523 0.000843788 0.00102848 0.00118323 0.0013496 0.00141699 0.00135709 0.00132476 0.00121901 0.00114727 0.00107423 0.00106374 0.0010358 0.00099955 0.000939997 0.00088018 0.000826129 0.000777388 0.000739151 0.000690691 0.000611447 0.000504593 0.000393837 
0.000538349 0.000749108 0.000949502 0.0011312 0.00128483 0.00139198 0.00135921 0.00132388 0.00123514 0.00115936 0.00108604 0.00108735 0.00109512 0.00106702 0.00102361 0.000959336 0.000886673 0.000821854 0.000766829 0.000731521 0.000686693 0.000596717 0.000479618 0.00037182 
0.000679471 0.000866953 0.00103002 0.00117231 0.0012892 0.00131892 0.00128905 0.00124351 0.00116882 0.00106033 0.00104732 0.00106013 0.00102603 0.000959093 0.00090733 0.000865711 0.000828219 0.000777676 0.000727215 0.000695239 0.000661086 0.000600853 0.000514555 0.000427974 
0.00078668 0.000934265 0.00107968 0.00116532 0.00121959 0.0012297 0.00119397 0.00117438 0.00103875 0.000990863 0.00101647 0.000985581 0.000956598 0.000925671 0.000863415 0.000822031 0.000816661 0.000797683 0.000727204 0.000645404 0.000598044 0.00053505 0.000453997 0.000360965 
0.000756322 0.000907086 0.00102625 0.0011073 0.00117709 0.00111119 0.00108391 0.000948861 0.000943642 0.00101426 0.00100959 0.0009937 0.000988516 0.00094105 0.00087179 0.000827771 0.000783936 0.000672065 0.0005677 0.000536766 0.000504599 0.000451534 0.000372287 0.000281073 
0.000696839 0.000854319 0.0010117 0.00110835 0.0010695 0.00101727 0.000884779 0.000896481 0.000955289 0.000982223 0.000977742 0.000978666 0.000965523 0.000915451 0.000871291 0.000810765 0.000699209 0.000554446 0.000513044 0.000484956 0.000454439 0.000410011 0.000348265 0.000271316 
0.000712426 0.000875251 0.00103442 0.00106398 0.00106253 0.000930755 0.000889752 0.000940187 0.000981168 0.00101338 0.00099195 0.000970665 0.000944198 0.000915061 0.000852464 0.000736879 0.000578212 0.000482725 0.000449049 0.000421365 0.000381229 0.000332781 0.000257991 0.000189188 
0.000719511 0.000868151 0.0010005 0.00107228 0.000982443 0.000876774 0.000910805 0.000959336 0.000984301 0.000960793 0.000918554 0.000901106 0.000880143 0.000834076 0.00076271 0.000616032 0.000479238 0.000418467 0.00038113 0.000391024 0.000373062 0.000323576 0.000287907 0.00028386 
0.000636743 0.000775185 0.000903525 0.000938492 0.000876374 0.000884128 0.000939126 0.000964634 0.000939345 0.000901618 0.00085837 0.000834215 0.000806775 0.000741973 0.000635305 0.000504228 0.000391993 0.000337488 0.000340998 0.000368274 0.000436359 0.000522882 0.000521377 0.000487717 
0.000544912 0.000659875 0.000735435 0.000784765 0.000809366 0.000875598 0.000926631 0.000908797 0.000878058 0.000850352 0.00081918 0.000789274 0.000752056 0.000687602 0.000564781 0.000428886 0.000332223 0.000309903 0.000339328 0.000427474 0.000555454 0.000619005 0.000622646 0.000585958 
0.000464097 0.000540403 0.000652356 0.00073518 0.000808331 0.000864322 0.000853836 0.000826825 0.000805135 0.000784244 0.000758348 0.000728151 0.000692053 0.000632688 0.000545863 0.000416198 0.00033506 0.000339711 0.000381998 0.000496961 0.000585529 0.000671989 0.000678896 0.000627611 
0.00038763 0.000506317 0.000617016 0.000712152 0.000797947 0.00080119 0.000763132 0.000740145 0.000730338 0.000715205 0.000692283 0.00066945 0.000634831 0.000600085 0.000528044 0.000426862 0.000386465 0.000431692 0.000484692 0.00055545 0.000663159 0.000685617 0.000602609 0.000492794 
0.000364115 0.000469784 0.000589694 0.000702799 0.000757864 0.00072832 0.000704926 0.000691261 0.000674642 0.000653812 0.000633575 0.000615582 0.000578686 0.000546624 0.000494442 0.0004345 0.00044115 0.000494879 0.000540251 0.000593273 0.000623676 0.000557653 0.000471076 0.000361201 
0.000342157 0.000460984 0.00058675 0.000682939 0.000709983 0.000697334 0.000692351 0.000683474 0.00065902 0.0006239 0.000599438 0.000576188 0.00054328 0.000514897 0.000479258 0.000464859 0.00051355 0.000569278 0.000604625 0.000609227 0.000555408 0.000545634 0.000449468 0.000336555 
0.000370813 0.000470213 0.000575523 0.000642851 0.000666198 0.000678733 0.000688694 0.000681967 0.000655264 0.000620046 0.000583377 0.000545979 0.000512382 0.000490734 0.000482879 0.000499957 0.000566688 0.000678186 0.000720102 0.000652375 0.000571108 0.000475278 0.000318563 0.000184017 
0.000356133 0.000452901 0.000550094 0.000617749 0.000661483 0.000688603 0.000706304 0.000705877 0.000685234 0.000665607 0.00062228 0.000580292 0.000545693 0.00051664 0.000510829 0.000553866 0.000655269 0.000798307 0.000803379 0.000696036 0.000529817 0.000362356 0.000201013 9.44462e-05 
0.000415863 0.000508836 0.000605797 0.000693288 0.000742379 0.000768425 0.000775152 0.000775428 0.00077777 0.000754258 0.00068758 0.000633793 0.000610211 0.000600209 0.000619759 0.000662521 0.000800705 0.000877204 0.000846593 0.000727573 0.000556044 0.00039882 0.000253141 0.000152497 
0.000482893 0.000583517 0.000705824 0.000816843 0.000881265 0.000899599 0.00091199 0.000908955 0.000901167 0.000849203 0.000760839 0.000719635 0.000701024 0.000682228 0.000706218 0.000771056 0.000860862 0.000894206 0.000813873 0.000693737 0.000551691 0.000395642 0.000260374 0.000170562 
0.000487094 0.00060125 0.000721867 0.000816322 0.000838684 0.000834217 0.000841912 0.000826481 0.000815845 0.000792805 0.000744697 0.000720111 0.000699233 0.00067415 0.000695387 0.000747139 0.000776111 0.00073745 0.000694285 0.000608585 0.000477497 0.000346699 0.000244613 0.000174123 
0.00034718 0.000434364 0.000523554 0.000570162 0.00056913 0.000563741 0.000564208 0.000554038 0.000543332 0.000535595 0.000550953 0.000555025 0.00054553 0.000528911 0.000551705 0.000587661 0.000574325 0.000549086 0.000533776 0.000502222 0.000422487 0.000319538 0.000244726 0.00017059 
0.00018217 0.000242671 0.000300412 0.000307475 0.000288064 0.000262102 0.000274944 0.000279948 0.000273322 0.00028097 0.000306271 0.000338173 0.000375229 0.00037796 0.00038128 0.000423889 0.000469126 0.00042465 0.000414779 0.000391414 0.000321382 0.000224441 0.000151628 9.02397e-05 
0.000197552 0.000242879 0.000257977 0.000252278 0.000222553 0.000211185 0.000222389 0.000226241 0.000236255 0.000252699 0.000274697 0.000307705 0.000322373 0.000307045 0.00032275 0.000340501 0.000329688 0.000302678 0.000292776 0.000261709 0.000201003 0.000147605 0.000108252 6.94092e-05 
